CFE data is compiled for the convenience of site visitors and is furnished without responsibility for accuracy and is accepted by the site visitor on the condition that transmission or omissions shall not be made the basis for any claim demand or cause for action. The information and data was obtained from sources believed to be reliable but accuracy is not guaranteed. Your use of CFE data is subject to the Terms and Conditions of CBOE's Websites.
Trade Date,Futures,Open,High,Low,Close,Settle,Change,Total Volume,EFP,Open Interest
11/25/2013,Q (Aug 14),0.00,19.05,19.80,0.00,19.40,19.40,0,0,0
11/26/2013,Q (Aug 14),19.40,19.45,19.29,19.45,19.50,0.10,111,0,84
11/27/2013,Q (Aug 14),19.39,19.95,19.39,19.45,19.45,-0.05,14,0,94
11/29/2013,Q (Aug 14),18.55,19.95,18.55,19.36,19.40,-0.05,19,0,97
12/02/2013,Q (Aug 14),19.30,19.45,19.30,19.41,19.45,0.05,49,0,113
12/03/2013,Q (Aug 14),19.95,19.95,18.95,19.39,19.40,-0.05,251,0,447
12/04/2013,Q (Aug 14),19.10,19.65,19.10,19.25,19.25,-0.15,50,0,306
12/05/2013,Q (Aug 14),19.10,19.80,18.90,19.19,19.20,-0.05,55,0,307
12/06/2013,Q (Aug 14),19.40,19.40,18.94,18.94,18.95,-0.25,35,0,315
12/09/2013,Q (Aug 14),18.80,18.80,18.70,18.70,18.75,-0.20,12,0,319
12/10/2013,Q (Aug 14),18.60,18.80,18.60,18.80,18.80,0.05,33,0,329
12/11/2013,Q (Aug 14),18.73,19.19,18.70,19.19,19.20,0.40,47,0,362
12/12/2013,Q (Aug 14),19.05,19.23,18.94,19.23,19.25,0.05,132,0,481
12/13/2013,Q (Aug 14),19.35,19.35,19.00,19.18,19.15,-0.10,85,0,441
12/16/2013,Q (Aug 14),19.00,19.25,19.00,19.16,19.25,0.10,236,0,584
12/17/2013,Q (Aug 14),19.25,19.28,19.01,19.10,19.10,-0.15,158,0,707
12/18/2013,Q (Aug 14),19.05,19.05,18.56,18.56,18.65,-0.45,340,0,774
12/19/2013,Q (Aug 14),18.50,18.85,18.50,18.80,18.80,0.15,177,0,794
12/20/2013,Q (Aug 14),18.75,18.80,18.68,18.68,18.70,-0.10,247,0,934
12/23/2013,Q (Aug 14),18.75,18.75,18.45,18.45,18.50,-0.20,84,0,962
12/24/2013,Q (Aug 14),18.30,18.40,18.10,18.15,18.30,-0.20,82,0,951
12/26/2013,Q (Aug 14),17.50,18.30,17.50,18.05,18.10,-0.20,94,0,955
12/27/2013,Q (Aug 14),18.05,18.20,18.05,18.10,18.15,0.05,41,0,946
12/30/2013,Q (Aug 14),18.10,18.32,18.10,18.31,18.30,0.15,73,0,959
12/31/2013,Q (Aug 14),18.20,18.25,18.00,18.10,18.10,-0.20,124,0,1001
01/02/2014,Q (Aug 14),18.10,18.30,18.09,18.30,18.30,0.20,134,0,1012
01/03/2014,Q (Aug 14),18.25,18.34,18.20,18.26,18.25,-0.05,109,0,1013
01/06/2014,Q (Aug 14),18.10,18.10,17.80,18.10,18.05,-0.20,157,0,1082
01/07/2014,Q (Aug 14),17.95,18.00,17.75,17.75,17.80,-0.25,121,0,1147
01/08/2014,Q (Aug 14),17.85,17.85,17.67,17.70,17.70,-0.10,400,0,1379
01/09/2014,Q (Aug 14),17.65,17.90,17.60,17.84,17.85,0.15,174,0,1413
01/10/2014,Q (Aug 14),17.75,17.85,17.65,17.75,17.75,-0.10,205,0,1468
01/13/2014,Q (Aug 14),17.70,18.20,17.67,18.03,18.05,0.30,273,0,1513
01/14/2014,Q (Aug 14),18.00,18.00,17.87,17.95,17.90,-0.15,189,0,1551
01/15/2014,Q (Aug 14),17.89,18.06,17.80,18.03,18.05,0.15,379,0,1642
01/16/2014,Q (Aug 14),17.95,18.10,17.90,18.10,18.05,0.00,230,0,1628
01/17/2014,Q (Aug 14),18.02,18.20,18.02,18.13,18.15,0.10,211,0,1636
01/21/2014,Q (Aug 14),18.20,18.25,17.90,17.99,18.00,-0.15,1071,0,1952
01/22/2014,Q (Aug 14),18.05,18.10,17.65,17.67,17.70,-0.30,2232,0,2907
01/23/2014,Q (Aug 14),17.62,18.00,17.62,17.88,17.90,0.20,3765,2,3842
01/24/2014,Q (Aug 14),17.80,18.60,17.80,18.60,18.60,0.70,6283,15,5060
01/27/2014,Q (Aug 14),18.35,18.73,17.89,18.41,18.45,-0.15,4418,0,5426
01/28/2014,Q (Aug 14),18.41,18.45,17.80,18.01,18.05,-0.40,3198,0,6135
01/29/2014,Q (Aug 14),17.97,18.31,17.77,18.24,18.25,0.20,4239,0,6640
01/30/2014,Q (Aug 14),18.15,18.45,17.90,18.40,18.45,0.20,4806,15,7818
01/31/2014,Q (Aug 14),18.25,18.86,18.20,18.50,18.50,0.05,4791,66,8480
02/03/2014,Q (Aug 14),18.55,19.15,18.34,19.11,19.15,0.65,5870,0,8742
02/04/2014,Q (Aug 14),19.14,19.30,18.76,19.26,19.30,0.15,3575,42,9207
02/05/2014,Q (Aug 14),19.20,19.75,19.04,19.72,19.75,0.45,4766,55,10299
02/06/2014,Q (Aug 14),20.40,20.40,18.80,18.81,18.85,-0.90,5184,127,11087
02/07/2014,Q (Aug 14),18.79,19.10,18.10,18.14,18.15,-0.70,3607,0,11088
02/10/2014,Q (Aug 14),18.16,18.23,17.88,18.13,18.15,0.00,2764,0,11198
02/11/2014,Q (Aug 14),18.10,18.10,17.70,17.72,17.75,-0.40,3378,0,12125
02/12/2014,Q (Aug 14),17.75,18.00,17.56,17.73,17.75,0.00,2291,0,12386
02/13/2014,Q (Aug 14),17.74,17.95,17.43,17.57,17.60,-0.15,5250,0,13750
02/14/2014,Q (Aug 14),17.59,17.65,17.40,17.54,17.55,-0.05,4414,0,15369
02/18/2014,Q (Aug 14),17.50,17.59,17.18,17.18,17.20,-0.35,3016,0,15944
02/19/2014,Q (Aug 14),17.22,17.78,17.20,17.56,17.60,0.40,5424,0,16975
02/20/2014,Q (Aug 14),17.60,17.81,17.36,17.37,17.40,-0.20,4001,0,17937
02/21/2014,Q (Aug 14),17.35,17.50,17.20,17.42,17.45,0.05,3962,54,18796
02/24/2014,Q (Aug 14),17.40,17.55,17.25,17.47,17.50,0.05,2053,0,19102
02/25/2014,Q (Aug 14),17.45,17.62,17.40,17.42,17.45,-0.05,2902,0,19877
02/26/2014,Q (Aug 14),17.46,17.80,17.35,17.68,17.70,0.25,5715,0,20426
02/27/2014,Q (Aug 14),17.70,17.88,17.65,17.77,17.80,0.10,3884,0,20732
02/28/2014,Q (Aug 14),17.75,18.08,17.65,17.88,17.90,0.10,8047,36,19811
03/03/2014,Q (Aug 14),18.10,18.45,18.10,18.28,18.30,0.40,6395,0,19652
03/04/2014,Q (Aug 14),18.27,18.28,17.65,17.81,17.85,-0.45,4884,0,20205
03/05/2014,Q (Aug 14),17.84,17.95,17.73,17.81,17.85,0.00,3654,0,20132
03/06/2014,Q (Aug 14),17.80,17.93,17.70,17.71,17.75,-0.10,3284,0,20203
03/07/2014,Q (Aug 14),17.75,17.95,17.55,17.83,17.85,0.10,4272,0,20258
03/10/2014,Q (Aug 14),17.90,18.10,17.75,17.83,17.85,0.00,4061,18,20808
03/11/2014,Q (Aug 14),17.85,18.15,17.80,17.98,18.00,0.15,4310,0,20451
03/12/2014,Q (Aug 14),18.02,18.24,17.94,17.98,18.00,0.00,3872,0,20664
03/13/2014,Q (Aug 14),17.98,18.38,17.85,18.17,18.20,0.20,6642,0,20849
03/14/2014,Q (Aug 14),18.23,18.49,18.06,18.29,18.35,0.15,9235,245,20513
03/17/2014,Q (Aug 14),18.15,18.31,17.70,17.78,17.80,-0.55,5556,0,20026
03/18/2014,Q (Aug 14),17.77,17.88,17.50,17.58,17.60,-0.20,7573,44,20363
03/19/2014,Q (Aug 14),17.60,18.08,17.53,17.67,17.70,0.10,7099,0,20352
03/20/2014,Q (Aug 14),17.69,17.80,17.40,17.52,17.55,-0.15,5860,0,20536
03/21/2014,Q (Aug 14),17.49,17.80,17.45,17.60,17.65,0.10,10554,0,21146
03/24/2014,Q (Aug 14),17.55,17.88,17.50,17.65,17.65,0.00,5577,0,21514
03/25/2014,Q (Aug 14),17.68,17.80,17.55,17.70,17.70,0.05,7006,0,21585
03/26/2014,Q (Aug 14),17.71,17.97,17.53,17.85,17.90,0.20,5647,0,21916
03/27/2014,Q (Aug 14),17.88,17.97,17.70,17.75,17.80,-0.10,6545,0,21813
03/28/2014,Q (Aug 14),17.73,17.80,17.56,17.63,17.65,-0.15,5406,0,22183
03/31/2014,Q (Aug 14),17.60,17.65,17.28,17.35,17.35,-0.30,4927,0,23037
04/01/2014,Q (Aug 14),17.30,17.32,16.95,17.05,17.05,-0.30,6105,0,23373
04/02/2014,Q (Aug 14),17.05,17.15,16.95,17.12,17.15,0.10,5930,0,23866
04/03/2014,Q (Aug 14),17.10,17.20,16.95,16.95,16.95,-0.20,3056,0,23632
04/04/2014,Q (Aug 14),16.95,17.23,16.75,17.05,17.10,0.15,9159,53,24764
04/07/2014,Q (Aug 14),17.20,17.46,17.10,17.25,17.30,0.20,10604,0,24771
04/08/2014,Q (Aug 14),17.25,17.27,16.99,17.10,17.10,-0.20,6387,0,25063
04/09/2014,Q (Aug 14),17.10,17.16,16.85,16.95,16.95,-0.15,7292,0,25502
04/10/2014,Q (Aug 14),16.92,17.40,16.85,17.30,17.30,0.35,9592,0,25858
04/11/2014,Q (Aug 14),17.30,17.50,17.19,17.45,17.50,0.20,19753,114,27990
04/14/2014,Q (Aug 14),17.50,17.63,17.20,17.50,17.50,0.00,10926,35,30301
04/15/2014,Q (Aug 14),17.50,17.92,17.25,17.40,17.40,-0.10,19518,0,31759
04/16/2014,Q (Aug 14),17.40,17.43,16.95,17.10,17.10,-0.30,10238,0,31658
04/17/2014,Q (Aug 14),17.11,17.18,16.90,17.00,17.05,-0.05,12004,163,30018
04/21/2014,Q (Aug 14),16.97,17.05,16.90,17.00,17.05,0.00,6559,0,29532
04/22/2014,Q (Aug 14),17.00,17.07,16.88,17.00,17.00,-0.05,10854,29,29579
04/23/2014,Q (Aug 14),16.96,17.12,16.90,17.00,17.00,0.00,9050,0,29260
04/24/2014,Q (Aug 14),16.97,17.14,16.80,17.00,17.00,0.00,10954,26,28339
04/25/2014,Q (Aug 14),17.00,17.28,16.94,17.10,17.10,0.10,6142,0,28018
04/28/2014,Q (Aug 14),17.05,17.17,16.75,16.75,16.80,-0.30,6983,0,28718
04/29/2014,Q (Aug 14),16.80,16.84,16.60,16.68,16.70,-0.10,5470,0,28749
04/30/2014,Q (Aug 14),16.69,16.75,16.58,16.65,16.70,0.00,7203,0,28560
05/01/2014,Q (Aug 14),16.68,16.76,16.60,16.65,16.70,0.00,5480,0,28648
05/02/2014,Q (Aug 14),16.70,16.83,16.45,16.75,16.80,0.10,7973,0,28829
05/05/2014,Q (Aug 14),16.80,16.94,16.55,16.55,16.60,-0.20,5136,0,28665
05/06/2014,Q (Aug 14),16.55,16.75,16.52,16.71,16.75,0.15,7411,29,27903
05/07/2014,Q (Aug 14),16.75,16.80,16.47,16.48,16.50,-0.25,10846,0,28526
05/08/2014,Q (Aug 14),16.50,16.54,16.23,16.45,16.50,0.00,10291,0,28742
05/09/2014,Q (Aug 14),16.48,16.55,16.20,16.30,16.30,-0.20,8130,0,29246
05/12/2014,Q (Aug 14),16.22,16.25,15.90,16.05,16.05,-0.25,10451,9,31242
05/13/2014,Q (Aug 14),16.03,16.07,15.90,16.05,16.05,0.00,7642,0,30838
05/14/2014,Q (Aug 14),16.03,16.15,15.95,16.10,16.10,0.05,10344,9,30153
05/15/2014,Q (Aug 14),16.07,16.35,15.95,16.15,16.15,0.05,19399,0,28826
05/16/2014,Q (Aug 14),16.10,16.22,15.88,16.00,16.00,-0.15,11094,0,28213
05/19/2014,Q (Aug 14),15.98,16.02,15.70,15.75,15.75,-0.25,10734,0,29289
05/20/2014,Q (Aug 14),15.74,15.97,15.65,15.80,15.85,0.10,16262,0,29358
05/21/2014,Q (Aug 14),15.80,15.82,15.50,15.60,15.65,-0.20,23101,0,32252
05/22/2014,Q (Aug 14),15.65,15.75,15.51,15.70,15.70,0.05,15077,0,33860
05/23/2014,Q (Aug 14),15.74,15.77,15.64,15.75,15.75,0.05,8479,0,35103
05/27/2014,Q (Aug 14),15.70,15.75,15.35,15.39,15.40,-0.35,12895,0,35681
05/28/2014,Q (Aug 14),15.39,15.55,15.30,15.50,15.50,0.10,11121,0,35809
05/29/2014,Q (Aug 14),15.50,15.55,15.37,15.45,15.50,0.00,9424,0,36989
05/30/2014,Q (Aug 14),15.48,15.66,15.45,15.55,15.60,0.10,10935,0,37050
06/02/2014,Q (Aug 14),15.57,15.70,15.50,15.55,15.60,0.00,10157,0,36304
06/03/2014,Q (Aug 14),15.58,15.70,15.45,15.50,15.50,-0.10,12858,0,35111
06/04/2014,Q (Aug 14),15.50,15.61,15.20,15.25,15.30,-0.20,13375,0,36331
06/05/2014,Q (Aug 14),15.28,15.45,14.85,14.90,14.90,-0.40,24075,0,37594
06/06/2014,Q (Aug 14),14.90,14.92,14.15,14.20,14.25,-0.65,28335,0,36311
06/09/2014,Q (Aug 14),14.25,14.45,14.09,14.35,14.40,0.15,18626,0,36878
06/10/2014,Q (Aug 14),14.35,14.60,14.20,14.22,14.25,-0.15,19869,0,38751
06/11/2014,Q (Aug 14),14.25,14.57,14.19,14.38,14.40,0.15,20465,0,41667
06/12/2014,Q (Aug 14),14.40,15.08,14.30,14.89,14.90,0.50,31156,0,43457
06/13/2014,Q (Aug 14),14.90,15.05,14.50,14.55,14.60,-0.30,22874,0,45858
06/16/2014,Q (Aug 14),14.60,14.81,14.45,14.49,14.50,-0.10,23099,0,50606
06/17/2014,Q (Aug 14),14.50,14.55,14.15,14.25,14.30,-0.20,30295,30,52491
06/18/2014,Q (Aug 14),14.27,14.35,13.60,13.65,13.70,-0.60,41430,0,57880
06/19/2014,Q (Aug 14),13.65,13.80,13.49,13.77,13.80,0.10,37280,0,61974
06/20/2014,Q (Aug 14),13.75,13.90,13.55,13.90,13.90,0.10,34043,0,66575
06/23/2014,Q (Aug 14),13.85,13.95,13.60,13.65,13.70,-0.20,36652,281,70990
06/24/2014,Q (Aug 14),13.69,14.05,13.55,13.90,13.95,0.25,49763,90,76310
06/25/2014,Q (Aug 14),13.90,14.15,13.45,13.55,13.60,-0.35,47474,0,83117
06/26/2014,Q (Aug 14),13.55,13.87,13.45,13.55,13.60,0.00,40708,0,92351
06/27/2014,Q (Aug 14),13.55,13.74,13.45,13.45,13.50,-0.10,30172,0,94882
06/30/2014,Q (Aug 14),13.50,13.55,13.15,13.30,13.35,-0.15,41241,0,103937
07/01/2014,Q (Aug 14),13.30,13.31,12.85,13.00,13.05,-0.30,43735,0,110711
07/02/2014,Q (Aug 14),13.05,13.06,12.75,12.87,12.90,-0.15,32254,200,116580
07/03/2014,Q (Aug 14),12.85,12.95,12.62,12.75,12.80,-0.10,31169,650,122989
07/07/2014,Q (Aug 14),12.75,13.05,12.66,13.05,13.05,0.25,33285,0,127594
07/08/2014,Q (Aug 14),13.05,13.45,13.00,13.10,13.10,0.05,64432,0,137819
07/09/2014,Q (Aug 14),13.10,13.10,12.75,12.83,12.85,-0.25,77899,0,148776
07/10/2014,Q (Aug 14),12.85,13.59,12.83,13.35,13.35,0.50,86725,2080,153046
07/11/2014,Q (Aug 14),13.32,13.40,13.05,13.20,13.20,-0.15,61891,930,160386
07/14/2014,Q (Aug 14),13.15,13.19,12.65,12.70,12.75,-0.45,66586,2865,169081
07/15/2014,Q (Aug 14),12.73,13.25,12.60,12.95,13.00,0.25,91307,2800,173350
07/16/2014,Q (Aug 14),13.00,13.00,12.55,12.70,12.70,-0.30,87590,747,181245
07/17/2014,Q (Aug 14),12.70,14.30,12.65,13.70,13.70,1.00,209405,1689,176245
07/18/2014,Q (Aug 14),13.70,14.67,12.85,13.00,13.00,-0.70,114209,0,167173
07/21/2014,Q (Aug 14),13.00,13.60,12.95,13.40,13.40,0.40,88836,0,158432
07/22/2014,Q (Aug 14),13.35,13.40,12.80,13.00,13.00,-0.40,68529,0,161920
07/23/2014,Q (Aug 14),13.00,13.20,12.85,13.05,13.05,0.05,66751,0,156838
07/24/2014,Q (Aug 14),13.05,13.24,12.85,13.17,13.20,0.15,57113,0,156265
07/25/2014,Q (Aug 14),13.20,13.50,13.14,13.50,13.50,0.30,74094,0,153341
07/28/2014,Q (Aug 14),13.50,13.75,13.23,13.35,13.35,-0.15,72930,0,148143
07/29/2014,Q (Aug 14),13.35,13.50,13.00,13.45,13.45,0.10,69788,0,143407
07/30/2014,Q (Aug 14),13.40,13.65,13.05,13.55,13.55,0.10,98324,0,140868
07/31/2014,Q (Aug 14),13.55,15.20,13.50,15.20,15.20,1.65,178765,293,138279
08/01/2014,Q (Aug 14),15.15,16.15,14.48,16.05,16.05,0.85,249012,1904,124788
08/04/2014,Q (Aug 14),16.00,16.05,14.45,14.95,14.95,-1.10,129601,2109,115271
08/05/2014,Q (Aug 14),14.90,16.40,14.75,16.15,16.15,1.20,165969,2391,106940
08/06/2014,Q (Aug 14),16.15,16.65,15.40,16.15,16.20,0.05,126125,458,100251
08/07/2014,Q (Aug 14),16.15,16.90,15.50,16.65,16.65,0.45,143636,0,93459
08/08/2014,Q (Aug 14),16.60,18.16,15.65,15.97,16.00,-0.65,106731,0,82003
08/11/2014,Q (Aug 14),15.90,15.97,14.35,14.75,14.80,-1.20,81967,0,77606
08/12/2014,Q (Aug 14),14.75,14.95,14.43,14.65,14.65,-0.15,70262,0,72495
08/13/2014,Q (Aug 14),14.65,14.65,13.50,13.55,13.55,-1.10,72547,0,66095
08/14/2014,Q (Aug 14),13.50,13.72,12.90,12.92,12.95,-0.60,67521,232,65722
08/15/2014,Q (Aug 14),12.95,14.32,12.55,13.20,13.25,0.30,129883,509,57190
08/18/2014,Q (Aug 14),13.25,13.25,12.45,12.55,12.55,-0.70,53728,182,48573
08/19/2014,Q (Aug 14),12.53,12.55,12.10,12.20,12.20,-0.35,46869,215,37947
08/20/2014,Q (Aug 14),0.00,0.00,0.00,0.00,12.15,-0.05,0,0,35423
