CFE data is compiled for the convenience of site visitors and is furnished without responsibility for accuracy and is accepted by the site visitor on the condition that transmission or omissions shall not be made the basis for any claim demand or cause for action. The information and data was obtained from sources believed to be reliable but accuracy is not guaranteed. Your use of CFE data is subject to the Terms and Conditions of CBOE's Websites.
Trade Date,Futures,Open,High,Low,Close,Settle,Change,Total Volume,EFP,Open Interest
09/26/2016,M (Jun 17),0.00,20.00,20.90,0.00,20.4500,20.45,0,0,0
09/27/2016,M (Jun 17),20.25,20.52,20.20,20.20,20.2500,-0.20,6,0,3
09/28/2016,M (Jun 17),20.40,20.45,20.15,20.15,20.2000,-0.05,6,0,5
09/29/2016,M (Jun 17),20.50,20.60,20.25,20.30,20.3000,0.10,10,0,5
09/30/2016,M (Jun 17),20.50,20.50,20.10,20.23,20.3000,0.00,50,0,25
10/03/2016,M (Jun 17),0.00,20.10,20.25,0.00,20.3000,0.00,0,0,25
10/04/2016,M (Jun 17),20.23,20.25,20.00,20.00,19.9750,-0.32,74,0,74
10/05/2016,M (Jun 17),19.90,20.05,19.90,20.02,20.0250,0.05,12,0,81
10/06/2016,M (Jun 17),20.10,20.10,19.90,19.90,19.9750,-0.05,34,0,110
10/07/2016,M (Jun 17),20.00,20.15,19.90,20.06,20.1250,0.15,46,0,145
10/10/2016,M (Jun 17),19.95,19.95,19.85,19.85,19.9000,-0.22,49,0,189
10/11/2016,M (Jun 17),19.93,20.30,19.92,20.05,20.0500,0.15,41,0,213
10/12/2016,M (Jun 17),20.00,20.15,19.95,20.05,20.0500,0.00,34,0,229
10/13/2016,M (Jun 17),20.30,20.60,20.19,20.20,20.3500,0.30,126,0,324
10/14/2016,M (Jun 17),20.18,20.30,20.15,20.21,20.2250,-0.12,56,0,378
10/17/2016,M (Jun 17),20.25,20.30,20.18,20.18,20.1750,-0.05,13,0,379
10/18/2016,M (Jun 17),20.10,20.12,19.97,20.00,20.0750,-0.10,39,0,396
10/19/2016,M (Jun 17),20.07,20.07,19.80,19.90,19.9000,-0.18,123,0,488
10/20/2016,M (Jun 17),19.88,20.08,19.88,20.00,20.0000,0.10,134,0,516
10/21/2016,M (Jun 17),20.00,20.10,19.83,19.83,19.8750,-0.12,140,0,544
10/24/2016,M (Jun 17),19.88,19.88,19.55,19.62,19.5750,-0.30,107,0,592
10/25/2016,M (Jun 17),19.60,19.75,19.49,19.49,19.5250,-0.05,368,0,782
10/26/2016,M (Jun 17),19.50,19.67,19.47,19.65,19.6750,0.15,421,0,1122
10/27/2016,M (Jun 17),19.65,19.85,19.50,19.83,19.8250,0.15,262,0,1322
10/28/2016,M (Jun 17),19.76,20.05,19.69,19.85,19.8250,0.00,310,0,1545
10/31/2016,M (Jun 17),19.86,19.97,19.79,19.82,19.8250,0.00,179,0,1670
11/01/2016,M (Jun 17),19.81,20.25,19.75,20.00,20.0250,0.20,673,0,2172
11/02/2016,M (Jun 17),20.03,20.10,19.87,20.10,20.1250,0.10,259,0,2312
11/03/2016,M (Jun 17),20.15,20.57,20.00,20.55,20.5750,0.45,452,0,2595
11/04/2016,M (Jun 17),20.60,20.60,20.16,20.40,20.4250,-0.15,309,0,2796
11/07/2016,M (Jun 17),20.30,20.30,19.25,19.25,19.2750,-1.15,295,0,2747
11/08/2016,M (Jun 17),19.24,19.50,19.09,19.35,19.3750,0.10,185,0,2727
11/09/2016,M (Jun 17),19.40,21.00,19.00,19.00,19.0000,-0.38,1400,0,3010
11/10/2016,M (Jun 17),19.03,19.50,18.80,19.38,19.3750,0.38,442,0,3025
11/11/2016,M (Jun 17),19.40,19.70,19.34,19.35,19.3000,-0.08,463,0,3173
11/14/2016,M (Jun 17),19.37,19.82,19.17,19.45,19.4250,0.12,461,0,3115
11/15/2016,M (Jun 17),19.40,19.55,19.22,19.52,19.5250,0.10,868,0,3255
11/16/2016,M (Jun 17),19.50,19.78,19.47,19.53,19.5250,0.00,1178,0,3824
11/17/2016,M (Jun 17),19.55,19.55,19.30,19.32,19.3250,-0.20,1037,0,4009
11/18/2016,M (Jun 17),19.30,19.53,19.20,19.35,19.3750,0.05,1641,0,4344
11/21/2016,M (Jun 17),19.35,19.44,19.10,19.25,19.2250,-0.15,1420,0,4694
11/22/2016,M (Jun 17),19.15,19.37,19.10,19.25,19.2250,0.00,824,0,4918
11/23/2016,M (Jun 17),19.25,19.36,19.18,19.30,19.3250,0.10,969,0,5098
11/25/2016,M (Jun 17),19.31,19.38,19.25,19.30,19.3000,-0.02,693,0,5255
11/28/2016,M (Jun 17),19.38,19.49,19.30,19.35,19.3250,0.02,906,0,5297
11/29/2016,M (Jun 17),19.30,19.40,19.25,19.40,19.3750,0.05,1974,0,6225
11/30/2016,M (Jun 17),19.40,19.40,19.15,19.30,19.2750,-0.10,1881,0,7070
12/01/2016,M (Jun 17),19.30,19.64,19.17,19.44,19.4250,0.15,2814,0,7762
12/02/2016,M (Jun 17),19.42,19.63,19.30,19.50,19.5250,0.10,2195,0,7992
12/05/2016,M (Jun 17),19.65,19.70,19.10,19.12,19.1250,-0.40,1651,0,8110
12/06/2016,M (Jun 17),19.10,19.15,18.91,18.95,18.9500,-0.18,1621,0,8514
12/07/2016,M (Jun 17),18.93,19.05,18.80,19.03,19.0250,0.08,1705,0,8566
12/08/2016,M (Jun 17),19.04,19.25,18.90,19.12,19.1250,0.10,1954,0,8706
12/09/2016,M (Jun 17),19.15,19.21,18.94,18.95,18.9750,-0.15,1439,0,9251
12/12/2016,M (Jun 17),18.95,19.25,18.90,19.15,19.1750,0.20,1555,0,9757
12/13/2016,M (Jun 17),19.15,19.26,19.01,19.15,19.1750,0.00,1896,0,10383
12/14/2016,M (Jun 17),19.10,19.30,18.92,18.99,18.9750,-0.20,2137,0,11684
12/15/2016,M (Jun 17),18.95,19.09,18.85,19.00,19.0250,0.05,1717,0,10924
12/16/2016,M (Jun 17),19.02,19.15,18.93,19.01,19.0250,0.00,1870,0,11057
12/19/2016,M (Jun 17),19.02,19.02,18.75,18.85,18.8250,-0.20,1619,0,11694
12/20/2016,M (Jun 17),18.80,18.90,18.69,18.75,18.7500,-0.08,2353,0,12228
12/21/2016,M (Jun 17),18.75,18.81,18.57,18.75,18.7250,-0.02,4042,0,12835
12/22/2016,M (Jun 17),18.80,18.95,18.68,18.91,18.9250,0.20,2970,0,12796
12/23/2016,M (Jun 17),18.95,19.05,18.86,18.92,18.9250,0.00,1312,0,12777
12/27/2016,M (Jun 17),18.85,18.90,18.70,18.75,18.7750,-0.15,1534,0,13134
12/28/2016,M (Jun 17),18.82,19.00,18.72,18.95,18.9250,0.15,3102,0,13279
12/29/2016,M (Jun 17),18.94,19.17,18.89,19.00,19.0250,0.10,2563,0,13601
12/30/2016,M (Jun 17),19.00,19.32,18.85,19.09,19.0750,0.05,2743,0,14167
01/03/2017,M (Jun 17),19.08,19.10,18.60,18.65,18.6250,-0.45,3400,0,14157
01/04/2017,M (Jun 17),18.63,18.66,18.11,18.25,18.2250,-0.40,3727,0,14692
01/05/2017,M (Jun 17),18.20,18.42,18.15,18.15,18.1750,-0.05,1909,0,14245
01/06/2017,M (Jun 17),18.20,18.20,17.85,18.00,18.0250,-0.15,2180,0,14167
01/09/2017,M (Jun 17),18.02,18.09,17.78,17.90,17.9250,-0.10,2883,0,13804
01/10/2017,M (Jun 17),18.00,18.12,17.80,17.93,17.9250,0.00,2395,0,13973
01/11/2017,M (Jun 17),17.86,18.18,17.75,17.82,17.8250,-0.10,3096,0,14514
01/12/2017,M (Jun 17),17.78,18.22,17.78,17.95,17.9750,0.15,2058,0,14578
01/13/2017,M (Jun 17),17.97,18.17,17.88,18.13,18.1250,0.15,5007,0,15948
01/17/2017,M (Jun 17),18.15,18.40,18.06,18.25,18.2250,0.10,5124,0,16844
01/18/2017,M (Jun 17),18.25,18.30,17.95,18.10,18.1250,-0.10,9986,0,18298
01/19/2017,M (Jun 17),18.10,18.23,17.93,17.93,17.9250,-0.20,4929,0,18036
01/20/2017,M (Jun 17),17.95,18.00,17.58,17.75,17.7250,-0.20,6072,0,18291
01/23/2017,M (Jun 17),17.75,17.90,17.53,17.53,17.5250,-0.20,4240,0,18827
01/24/2017,M (Jun 17),17.53,17.60,16.95,17.05,17.0250,-0.50,6606,0,19552
01/25/2017,M (Jun 17),16.96,17.01,16.75,16.75,16.7750,-0.25,5070,0,19767
01/26/2017,M (Jun 17),16.80,16.92,16.70,16.83,16.8250,0.05,3965,0,20258
01/27/2017,M (Jun 17),16.85,17.00,16.80,16.90,16.9250,0.10,4486,0,21081
01/30/2017,M (Jun 17),16.95,17.41,16.95,16.97,16.9750,0.05,6417,0,21158
01/31/2017,M (Jun 17),16.95,17.18,16.85,16.85,16.8750,-0.10,3844,0,21717
02/01/2017,M (Jun 17),16.85,16.90,16.60,16.68,16.6750,-0.20,5665,0,22351
02/02/2017,M (Jun 17),16.70,16.90,16.63,16.83,16.8250,0.15,4251,0,22677
02/03/2017,M (Jun 17),16.83,16.90,16.55,16.67,16.6750,-0.15,3706,0,22977
02/06/2017,M (Jun 17),16.62,16.75,16.52,16.72,16.7250,0.05,3356,0,23221
02/07/2017,M (Jun 17),16.72,16.83,16.60,16.76,16.7750,0.05,5686,0,24187
02/08/2017,M (Jun 17),16.79,16.99,16.70,16.90,16.8750,0.10,10578,0,26643
02/09/2017,M (Jun 17),16.90,16.92,16.65,16.74,16.7250,-0.15,5734,0,27150
02/10/2017,M (Jun 17),16.75,16.75,16.60,16.72,16.7250,0.00,9046,0,30099
02/13/2017,M (Jun 17),16.70,16.72,16.40,16.45,16.4250,-0.30,6744,0,31710
02/14/2017,M (Jun 17),16.40,16.45,15.75,15.75,15.7750,-0.65,12836,0,32269
02/15/2017,M (Jun 17),15.80,15.90,15.45,15.50,15.4750,-0.30,18769,0,31054
02/16/2017,M (Jun 17),15.48,16.13,15.45,15.69,15.6750,0.20,11034,0,30588
02/17/2017,M (Jun 17),15.65,15.96,15.63,15.80,15.7750,0.10,7896,0,30821
02/21/2017,M (Jun 17),15.80,15.97,15.60,15.96,15.9750,0.20,6631,0,30716
02/22/2017,M (Jun 17),15.93,16.25,15.88,16.06,16.0750,0.10,7416,0,30956
02/23/2017,M (Jun 17),16.05,16.60,16.05,16.55,16.5250,0.45,11076,0,32316
02/24/2017,M (Jun 17),16.55,17.00,16.54,16.68,16.6750,0.15,11801,0,33231
02/27/2017,M (Jun 17),16.60,16.65,16.25,16.30,16.3250,-0.35,7415,0,33861
02/28/2017,M (Jun 17),16.30,16.65,16.29,16.44,16.4250,0.10,8230,0,33483
03/01/2017,M (Jun 17),16.50,16.50,16.00,16.32,16.3250,-0.10,8595,0,33434
03/02/2017,M (Jun 17),16.35,16.55,16.27,16.41,16.4250,0.10,6745,0,33592
03/03/2017,M (Jun 17),16.41,16.50,16.03,16.07,16.0750,-0.35,6343,0,34016
03/06/2017,M (Jun 17),16.05,16.22,15.95,15.99,15.9750,-0.10,5902,0,33712
03/07/2017,M (Jun 17),16.00,16.08,15.80,16.05,16.0250,0.05,5600,0,33130
03/08/2017,M (Jun 17),16.00,16.18,15.74,15.98,15.9750,-0.05,6432,0,32868
03/09/2017,M (Jun 17),16.00,16.15,15.77,15.95,15.9250,-0.05,10965,0,32956
03/10/2017,M (Jun 17),15.90,16.00,15.75,15.79,15.7750,-0.15,5412,0,32749
03/13/2017,M (Jun 17),15.80,15.90,15.63,15.65,15.6500,-0.12,8652,0,31936
03/14/2017,M (Jun 17),15.65,15.93,15.55,15.75,15.7750,0.12,13906,0,32649
03/15/2017,M (Jun 17),15.80,15.80,15.50,15.54,15.5250,-0.25,11651,0,31794
03/16/2017,M (Jun 17),15.52,15.55,15.15,15.24,15.2250,-0.30,10188,0,33296
03/17/2017,M (Jun 17),15.25,15.27,14.95,15.10,15.0750,-0.15,12524,0,33241
03/20/2017,M (Jun 17),15.07,15.20,14.90,14.99,14.9750,-0.10,11725,0,34781
03/21/2017,M (Jun 17),15.00,15.43,14.75,15.35,15.3750,0.40,22379,0,34701
03/22/2017,M (Jun 17),15.35,15.63,15.10,15.27,15.2750,-0.10,37496,0,35627
03/23/2017,M (Jun 17),15.26,15.58,15.00,15.50,15.4750,0.20,23677,0,36659
03/24/2017,M (Jun 17),15.48,15.69,15.08,15.12,15.1250,-0.35,26830,0,38657
03/27/2017,M (Jun 17),15.15,15.57,14.70,14.73,14.7250,-0.40,26243,0,42162
03/28/2017,M (Jun 17),14.70,14.75,14.36,14.37,14.3750,-0.35,23828,0,42341
03/29/2017,M (Jun 17),14.40,14.40,14.15,14.23,14.2250,-0.15,16793,0,44976
03/30/2017,M (Jun 17),14.20,14.35,14.10,14.17,14.1750,-0.05,17637,0,47152
03/31/2017,M (Jun 17),14.18,14.31,14.10,14.25,14.2500,0.08,16651,0,47687
04/03/2017,M (Jun 17),14.20,14.45,14.14,14.27,14.2750,0.02,22795,0,47690
04/04/2017,M (Jun 17),14.30,14.46,14.05,14.13,14.1250,-0.15,18866,0,49140
04/05/2017,M (Jun 17),14.12,14.65,13.85,14.55,14.5250,0.40,27457,0,51029
04/06/2017,M (Jun 17),14.57,14.65,14.05,14.15,14.1750,-0.35,20752,0,53503
04/07/2017,M (Jun 17),14.19,14.55,14.10,14.55,14.5250,0.35,29828,0,55140
04/10/2017,M (Jun 17),14.55,14.83,14.40,14.79,14.7750,0.25,28427,0,57451
04/11/2017,M (Jun 17),14.79,15.25,14.75,14.88,14.8750,0.10,42330,0,61132
04/12/2017,M (Jun 17),14.85,15.20,14.73,15.02,15.0250,0.15,36636,0,63414
04/13/2017,M (Jun 17),15.15,15.30,14.66,15.27,15.2750,0.25,39647,0,65437
04/17/2017,M (Jun 17),15.25,15.35,14.55,14.55,14.5750,-0.70,26016,0,66342
04/18/2017,M (Jun 17),14.60,14.85,14.45,14.54,14.5250,-0.05,41030,0,64073
04/19/2017,M (Jun 17),14.55,14.70,14.10,14.53,14.5250,0.00,98992,0,74505
04/20/2017,M (Jun 17),14.52,14.63,14.20,14.34,14.3250,-0.20,78190,0,78741
04/21/2017,M (Jun 17),14.31,14.58,14.20,14.24,14.2250,-0.10,74363,0,82548
04/24/2017,M (Jun 17),13.85,13.85,13.30,13.30,13.3250,-0.90,116559,0,96689
04/25/2017,M (Jun 17),13.30,13.40,13.00,13.10,13.1250,-0.20,75903,0,107706
04/26/2017,M (Jun 17),13.10,13.37,13.05,13.19,13.1750,0.05,69400,0,114956
04/27/2017,M (Jun 17),13.20,13.30,13.10,13.10,13.1250,-0.05,58047,0,122851
04/28/2017,M (Jun 17),13.10,13.30,13.05,13.11,13.1250,0.00,65703,0,125706
05/01/2017,M (Jun 17),13.10,13.17,12.60,12.60,12.6250,-0.50,72567,0,138573
05/02/2017,M (Jun 17),12.64,12.85,12.55,12.82,12.8250,0.20,74228,0,152471
05/03/2017,M (Jun 17),12.80,13.02,12.75,12.95,12.9750,0.15,85876,0,161668
05/04/2017,M (Jun 17),12.95,13.05,12.60,12.67,12.6750,-0.30,93559,0,179246
05/05/2017,M (Jun 17),12.65,12.85,12.55,12.67,12.6750,0.00,76059,0,191200
05/08/2017,M (Jun 17),12.65,12.70,12.35,12.50,12.4750,-0.20,86266,0,212348
05/09/2017,M (Jun 17),12.47,12.50,12.25,12.48,12.4750,0.00,122163,0,238059
05/10/2017,M (Jun 17),12.45,12.55,12.35,12.47,12.4750,0.00,75756,0,261990
05/11/2017,M (Jun 17),12.47,12.85,12.40,12.61,12.6250,0.15,167106,0,267612
05/12/2017,M (Jun 17),12.60,12.75,12.40,12.41,12.4250,-0.20,126077,0,283016
05/15/2017,M (Jun 17),12.35,12.45,12.13,12.15,12.1750,-0.25,121965,0,310043
05/16/2017,M (Jun 17),12.19,12.25,12.00,12.10,12.0750,-0.10,164466,0,332617
05/17/2017,M (Jun 17),12.08,14.40,12.00,14.23,14.2250,2.15,460895,0,295449
05/18/2017,M (Jun 17),14.25,14.70,13.50,14.25,14.2750,0.05,336271,0,275594
05/19/2017,M (Jun 17),14.20,14.24,12.65,12.75,12.7250,-1.55,269066,0,263341
05/22/2017,M (Jun 17),12.85,12.95,12.20,12.20,12.2250,-0.50,158721,0,257357
05/23/2017,M (Jun 17),12.25,12.60,12.10,12.35,12.3250,0.10,129554,600,258193
05/24/2017,M (Jun 17),12.30,12.50,11.85,11.96,11.9750,-0.35,128955,0,272621
05/25/2017,M (Jun 17),11.95,12.20,11.80,12.05,12.0250,0.05,146530,0,269910
05/26/2017,M (Jun 17),12.00,12.25,11.80,11.95,11.9250,-0.10,89896,0,269724
05/30/2017,M (Jun 17),11.95,12.20,11.75,11.83,11.8250,-0.10,99568,0,260660
05/31/2017,M (Jun 17),11.85,12.30,11.65,11.80,11.8250,0.00,159871,0,248151
06/01/2017,M (Jun 17),11.85,12.00,11.55,11.63,11.6250,-0.20,122130,0,250579
06/02/2017,M (Jun 17),11.61,11.80,11.50,11.64,11.6250,0.00,85311,0,244253
06/05/2017,M (Jun 17),11.60,11.80,11.40,11.79,11.7750,0.15,77091,0,239165
06/06/2017,M (Jun 17),11.79,12.10,11.75,11.95,11.9750,0.20,102925,0,223996
06/07/2017,M (Jun 17),11.99,12.25,11.80,11.89,11.8750,-0.10,110218,0,216597
06/08/2017,M (Jun 17),11.90,11.95,11.40,11.60,11.6250,-0.25,116710,0,213722
06/09/2017,M (Jun 17),11.65,12.47,11.15,11.73,11.7250,0.10,218949,0,201894
06/12/2017,M (Jun 17),11.75,12.40,11.70,11.88,11.8750,0.15,157648,0,185868
06/13/2017,M (Jun 17),11.85,11.94,11.35,11.45,11.4250,-0.45,129050,0,166047
06/14/2017,M (Jun 17),11.41,11.88,11.33,11.48,11.4750,0.05,143988,0,155581
06/15/2017,M (Jun 17),11.50,12.35,11.49,11.55,11.5250,0.05,158430,0,131065
06/16/2017,M (Jun 17),11.55,11.80,11.30,11.32,11.3250,-0.20,126293,0,111055
06/19/2017,M (Jun 17),11.30,11.35,10.60,10.90,10.8750,-0.45,133587,0,88629
06/20/2017,M (Jun 17),10.85,11.27,10.50,11.15,11.1250,0.25,134462,0,56706
06/21/2017,M (Jun 17),11.15,11.36,10.95,11.15,10.7100,-0.42,4668,0,61476
