CFE data is compiled for the convenience of site visitors and is furnished without responsibility for accuracy and is accepted by the site visitor on the condition that transmission or omissions shall not be made the basis for any claim demand or cause for action. The information and data was obtained from sources believed to be reliable but accuracy is not guaranteed. Your use of CFE data is subject to the Terms and Conditions of CBOE's Websites.
Trade Date,Futures,Open,High,Low,Close,Settle,Change,Total Volume,EFP,Open Interest
06/22/2015,H (Mar 16),0.00,17.90,19.45,0.00,18.6750,18.68,0,0,0
06/23/2015,H (Mar 16),0.00,18.70,19.10,0.00,18.9000,0.22,0,0,0
06/24/2015,H (Mar 16),0.00,18.60,18.85,0.00,18.7250,-0.18,0,0,0
06/25/2015,H (Mar 16),0.00,18.60,18.70,0.00,18.6750,-0.05,0,0,0
06/26/2015,H (Mar 16),0.00,18.50,18.60,0.00,18.5500,-0.12,0,0,0
06/29/2015,H (Mar 16),18.80,19.25,18.80,19.25,19.2500,0.70,6,0,3
06/30/2015,H (Mar 16),19.35,19.35,19.20,19.30,19.0500,-0.20,6,0,7
07/01/2015,H (Mar 16),18.85,18.85,18.60,18.75,18.5000,-0.55,5,0,12
07/02/2015,H (Mar 16),18.90,18.95,18.75,18.80,18.6750,0.18,8,0,17
07/06/2015,H (Mar 16),19.25,19.25,18.93,19.15,18.9500,0.28,84,0,106
07/07/2015,H (Mar 16),19.20,19.30,18.84,18.84,18.8000,-0.15,31,0,95
07/08/2015,H (Mar 16),18.92,19.30,18.90,19.30,19.1750,0.38,127,0,203
07/09/2015,H (Mar 16),19.10,19.30,18.85,19.30,19.3750,0.20,79,0,240
07/10/2015,H (Mar 16),19.34,19.34,18.73,18.95,18.9000,-0.48,45,0,201
07/13/2015,H (Mar 16),19.10,19.10,18.32,18.36,18.3000,-0.60,42,0,214
07/14/2015,H (Mar 16),18.30,18.45,18.18,18.45,18.4000,0.10,152,0,288
07/15/2015,H (Mar 16),18.35,18.55,18.25,18.35,18.3250,-0.08,88,0,338
07/16/2015,H (Mar 16),18.25,18.30,18.04,18.05,18.0250,-0.30,77,0,387
07/17/2015,H (Mar 16),18.05,18.05,17.96,18.00,17.9750,-0.05,117,0,439
07/20/2015,H (Mar 16),18.00,18.00,17.85,17.97,17.9500,-0.02,220,0,553
07/21/2015,H (Mar 16),17.95,18.05,17.90,17.90,17.9250,-0.02,428,0,814
07/22/2015,H (Mar 16),17.99,18.20,17.99,18.00,18.0250,0.10,466,0,1217
07/23/2015,H (Mar 16),18.00,18.30,17.99,18.10,18.0750,0.05,260,0,1416
07/24/2015,H (Mar 16),18.05,18.35,18.00,18.25,18.2000,0.12,278,0,1617
07/27/2015,H (Mar 16),18.20,18.60,18.20,18.40,18.4250,0.22,475,0,1944
07/28/2015,H (Mar 16),18.40,18.44,18.05,18.09,18.1250,-0.30,269,0,1789
07/29/2015,H (Mar 16),18.00,18.11,17.94,18.11,18.1000,-0.02,525,0,1930
07/30/2015,H (Mar 16),18.05,18.22,18.05,18.10,18.1000,0.00,317,0,2083
07/31/2015,H (Mar 16),18.05,18.20,18.00,18.08,18.0500,-0.05,176,0,2141
08/03/2015,H (Mar 16),18.10,18.30,17.95,17.95,17.9250,-0.12,273,0,2226
08/04/2015,H (Mar 16),17.98,18.05,17.85,18.05,18.0250,0.10,196,0,2307
08/05/2015,H (Mar 16),18.03,18.03,17.79,18.00,17.9500,-0.08,529,0,2389
08/06/2015,H (Mar 16),18.00,18.32,17.88,18.07,18.0750,0.12,972,0,2690
08/07/2015,H (Mar 16),18.10,18.18,17.95,17.95,17.9250,-0.15,588,0,2738
08/10/2015,H (Mar 16),17.90,17.90,17.65,17.85,17.8250,-0.10,146,0,2788
08/11/2015,H (Mar 16),17.90,18.25,17.85,18.05,18.0750,0.25,317,0,2933
08/12/2015,H (Mar 16),18.05,18.62,18.05,18.07,18.0250,-0.05,453,0,3068
08/13/2015,H (Mar 16),18.05,18.15,17.92,18.01,17.9500,-0.08,517,0,3172
08/14/2015,H (Mar 16),17.95,18.05,17.84,17.88,17.8750,-0.08,254,0,3322
08/17/2015,H (Mar 16),17.80,17.95,17.80,17.90,17.9000,0.02,193,0,3448
08/18/2015,H (Mar 16),17.95,18.10,17.90,18.05,18.0750,0.18,846,0,3987
08/19/2015,H (Mar 16),18.06,18.29,17.95,18.25,18.2250,0.15,1332,0,4576
08/20/2015,H (Mar 16),18.24,18.70,18.18,18.70,18.6750,0.45,1671,0,4903
08/21/2015,H (Mar 16),18.70,19.17,18.53,19.17,19.1750,0.50,5830,0,6368
08/24/2015,H (Mar 16),19.10,21.55,19.04,20.66,20.6750,1.50,6312,0,7116
08/25/2015,H (Mar 16),20.75,21.25,19.65,20.83,20.8500,0.18,6579,0,9042
08/26/2015,H (Mar 16),20.75,21.29,20.18,20.25,20.2250,-0.62,2368,0,9592
08/27/2015,H (Mar 16),20.10,20.88,19.69,20.45,20.4500,0.22,4045,0,10270
08/28/2015,H (Mar 16),20.25,21.80,19.89,21.22,21.2750,0.82,2825,0,10720
08/31/2015,H (Mar 16),21.80,22.30,21.40,22.30,22.2750,1.00,2769,0,11422
09/01/2015,H (Mar 16),22.23,24.31,22.20,23.88,23.8750,1.60,4058,0,12188
09/02/2015,H (Mar 16),23.84,23.96,22.91,22.95,22.9750,-0.90,3789,0,13076
09/03/2015,H (Mar 16),22.85,23.50,22.35,23.15,23.1750,0.20,2398,0,13398
09/04/2015,H (Mar 16),23.05,24.10,23.00,23.80,23.7750,0.60,2336,0,13943
09/08/2015,H (Mar 16),23.70,23.75,22.80,22.85,22.8250,-0.95,1945,0,14164
09/09/2015,H (Mar 16),22.75,23.10,22.25,23.05,23.0750,0.25,3038,0,14871
09/10/2015,H (Mar 16),23.15,23.55,22.70,22.80,22.7750,-0.30,2327,0,15480
09/11/2015,H (Mar 16),22.95,23.20,22.50,22.70,22.6750,-0.10,2694,0,15923
09/14/2015,H (Mar 16),22.65,23.11,22.38,22.60,22.5750,-0.10,2168,0,16209
09/15/2015,H (Mar 16),22.55,22.65,21.15,21.26,21.2750,-1.30,4179,0,16421
09/16/2015,H (Mar 16),21.25,21.35,20.00,20.05,20.0250,-1.25,5998,0,14980
09/17/2015,H (Mar 16),20.16,20.55,19.36,20.55,20.5250,0.50,6508,0,15709
09/18/2015,H (Mar 16),20.47,21.42,20.28,21.25,21.2750,0.75,5876,0,16156
09/21/2015,H (Mar 16),21.10,21.45,20.50,20.50,20.5250,-0.75,2440,0,16441
09/22/2015,H (Mar 16),20.48,21.79,20.47,21.30,21.2750,0.75,3119,0,15718
09/23/2015,H (Mar 16),21.30,21.75,20.84,20.90,20.9500,-0.32,2585,0,15734
09/24/2015,H (Mar 16),20.96,21.97,20.84,21.40,21.4250,0.48,4000,0,15988
09/25/2015,H (Mar 16),21.42,21.80,20.75,21.65,21.7000,0.28,4362,0,16779
09/28/2015,H (Mar 16),21.75,22.65,21.50,22.25,22.2750,0.58,4323,0,16883
09/29/2015,H (Mar 16),22.33,22.60,21.93,22.50,22.4750,0.20,3280,0,16781
09/30/2015,H (Mar 16),22.31,22.45,21.90,22.20,22.1750,-0.30,3365,0,17248
10/01/2015,H (Mar 16),22.19,22.45,21.72,21.85,21.8250,-0.35,2876,0,16663
10/02/2015,H (Mar 16),21.80,22.31,21.15,21.20,21.1750,-0.65,3174,0,16825
10/05/2015,H (Mar 16),21.33,21.35,20.35,20.40,20.3750,-0.80,2964,0,16907
10/06/2015,H (Mar 16),20.41,20.80,20.20,20.73,20.7250,0.35,2390,0,16834
10/07/2015,H (Mar 16),20.80,20.80,20.10,20.15,20.1250,-0.60,2747,0,16887
10/08/2015,H (Mar 16),20.15,20.40,19.58,19.85,19.8250,-0.30,4232,0,16818
10/09/2015,H (Mar 16),19.83,20.22,19.70,19.90,19.8750,0.05,3013,0,17622
10/12/2015,H (Mar 16),19.90,19.97,19.00,19.00,19.0250,-0.85,3502,0,17867
10/13/2015,H (Mar 16),19.10,20.05,19.00,19.96,19.9250,0.90,3622,0,17937
10/14/2015,H (Mar 16),19.93,20.49,19.80,20.21,20.2000,0.28,3046,24,17896
10/15/2015,H (Mar 16),20.25,20.25,19.08,19.10,19.1250,-1.08,4526,0,17427
10/16/2015,H (Mar 16),19.15,19.58,19.08,19.20,19.1500,0.02,3431,0,17603
10/19/2015,H (Mar 16),19.15,19.31,18.41,18.43,18.4250,-0.72,2436,0,17862
10/20/2015,H (Mar 16),18.50,19.15,18.30,19.10,19.1250,0.70,3396,0,17934
10/21/2015,H (Mar 16),19.10,19.75,18.70,19.75,19.7250,0.60,4681,0,17760
10/22/2015,H (Mar 16),19.70,19.75,18.37,18.42,18.4250,-1.30,4911,0,18165
10/23/2015,H (Mar 16),18.45,18.75,18.05,18.72,18.7250,0.30,6089,0,18559
10/26/2015,H (Mar 16),18.72,19.17,18.67,19.03,19.0250,0.30,4934,0,19241
10/27/2015,H (Mar 16),19.00,19.28,18.65,18.75,18.7250,-0.30,6056,0,18409
10/28/2015,H (Mar 16),18.75,19.18,18.40,18.43,18.4250,-0.30,5004,0,19417
10/29/2015,H (Mar 16),18.45,18.85,18.44,18.65,18.6250,0.20,2826,0,18480
10/30/2015,H (Mar 16),18.65,19.00,18.45,18.87,18.8750,0.25,3807,0,18923
11/02/2015,H (Mar 16),18.99,19.11,18.10,18.35,18.3250,-0.55,2989,0,18907
11/03/2015,H (Mar 16),18.35,18.55,18.17,18.50,18.5250,0.20,3384,0,18824
11/04/2015,H (Mar 16),18.50,18.90,18.32,18.85,18.8750,0.35,3785,0,18792
11/05/2015,H (Mar 16),18.85,18.97,18.50,18.54,18.5250,-0.35,2981,0,18774
11/06/2015,H (Mar 16),18.50,18.80,18.25,18.35,18.3000,-0.22,4372,0,19277
11/09/2015,H (Mar 16),18.35,18.91,18.23,18.75,18.7750,0.48,4937,0,18987
11/10/2015,H (Mar 16),18.81,18.92,18.45,18.50,18.5250,-0.25,3460,0,19114
11/11/2015,H (Mar 16),18.51,18.80,18.35,18.80,18.7750,0.25,2372,0,19086
11/12/2015,H (Mar 16),18.80,19.80,18.60,19.75,19.7250,0.95,6185,0,18930
11/13/2015,H (Mar 16),19.75,20.58,19.60,20.50,20.5250,0.80,6752,0,19392
11/16/2015,H (Mar 16),20.78,20.87,19.09,19.10,19.0750,-1.45,6918,0,18965
11/17/2015,H (Mar 16),19.10,19.80,18.73,19.40,19.4000,0.32,6246,0,18526
11/18/2015,H (Mar 16),19.40,19.55,18.83,19.00,18.9750,-0.42,5426,0,19225
11/19/2015,H (Mar 16),18.97,19.58,18.80,19.45,19.4750,0.50,7511,0,19026
11/20/2015,H (Mar 16),19.44,19.45,19.05,19.15,19.1750,-0.30,5476,0,18720
11/23/2015,H (Mar 16),19.10,19.40,18.75,18.79,18.7750,-0.40,6239,0,18367
11/24/2015,H (Mar 16),18.80,19.31,18.71,19.20,19.2250,0.45,6132,0,18090
11/25/2015,H (Mar 16),19.19,19.35,18.85,18.90,18.8750,-0.35,3866,0,17947
11/27/2015,H (Mar 16),18.90,19.00,18.65,19.00,18.9750,0.10,3477,0,18286
11/30/2015,H (Mar 16),19.00,19.11,18.75,18.75,18.7750,-0.20,5269,0,18506
12/01/2015,H (Mar 16),18.75,18.75,18.15,18.24,18.2250,-0.55,7827,0,18630
12/02/2015,H (Mar 16),18.20,18.75,18.00,18.50,18.5250,0.30,11185,0,18942
12/03/2015,H (Mar 16),18.50,19.53,18.25,19.20,19.2250,0.70,10810,0,18007
12/04/2015,H (Mar 16),19.20,19.22,18.30,18.35,18.3500,-0.88,12072,0,18389
12/07/2015,H (Mar 16),18.40,19.10,18.25,18.40,18.4250,0.08,6303,0,18645
12/08/2015,H (Mar 16),18.45,19.24,18.40,18.95,18.9750,0.55,8314,0,18427
12/09/2015,H (Mar 16),19.00,19.75,18.68,19.40,19.4250,0.45,8303,0,18331
12/10/2015,H (Mar 16),19.35,19.65,19.02,19.65,19.6250,0.20,6724,0,18751
12/11/2015,H (Mar 16),19.62,21.47,19.41,21.40,21.4250,1.80,15450,0,19429
12/14/2015,H (Mar 16),21.45,21.85,20.02,20.43,20.4250,-1.00,17973,0,17921
12/15/2015,H (Mar 16),20.35,20.45,19.37,19.40,19.3750,-1.05,10620,0,18780
12/16/2015,H (Mar 16),19.35,19.50,18.50,18.94,18.9250,-0.45,17061,0,20109
12/17/2015,H (Mar 16),18.90,19.75,18.60,19.73,19.7250,0.80,14414,0,18258
12/18/2015,H (Mar 16),19.70,20.60,19.50,20.60,20.5750,0.85,12680,0,16890
12/21/2015,H (Mar 16),20.50,20.58,19.50,19.53,19.5250,-1.05,8707,0,17316
12/22/2015,H (Mar 16),19.50,19.78,18.80,18.80,18.8250,-0.70,11304,0,17921
12/23/2015,H (Mar 16),18.85,19.08,18.58,18.90,18.8750,0.05,8365,0,18257
12/24/2015,H (Mar 16),18.85,19.10,18.80,19.10,19.0750,0.20,2908,0,18048
12/28/2015,H (Mar 16),18.95,19.39,18.55,18.55,18.5750,-0.50,7291,0,18272
12/29/2015,H (Mar 16),18.60,18.63,18.27,18.33,18.3250,-0.25,7513,0,18828
12/30/2015,H (Mar 16),18.33,18.95,18.30,18.95,18.9250,0.60,6339,0,19055
12/31/2015,H (Mar 16),18.90,19.12,18.70,19.03,19.0250,0.10,7703,0,18668
01/04/2016,H (Mar 16),18.90,20.45,18.80,19.51,19.5250,0.50,21726,0,19131
01/05/2016,H (Mar 16),19.50,20.07,19.10,19.22,19.2250,-0.30,18599,0,19522
01/06/2016,H (Mar 16),19.15,20.44,19.15,19.65,19.6750,0.45,21679,200,21318
01/07/2016,H (Mar 16),19.68,21.30,19.55,21.15,21.1750,1.50,35497,160,22724
01/08/2016,H (Mar 16),21.10,22.33,20.10,22.27,22.2750,1.10,25609,0,23175
01/11/2016,H (Mar 16),22.20,23.28,21.42,21.55,21.5750,-0.70,37240,0,21908
01/12/2016,H (Mar 16),21.55,22.13,20.70,20.78,20.7750,-0.80,26581,0,20102
01/13/2016,H (Mar 16),20.75,22.67,20.17,22.53,22.5250,1.75,29554,0,22314
01/14/2016,H (Mar 16),22.50,23.05,21.27,21.85,21.8750,-0.65,30931,0,23053
01/15/2016,H (Mar 16),21.85,24.15,21.68,23.62,23.6500,1.78,51690,0,26860
01/19/2016,H (Mar 16),23.70,24.50,22.35,23.38,23.4000,-0.25,47003,0,28694
01/20/2016,H (Mar 16),23.40,25.82,23.32,23.90,23.9250,0.52,69289,0,32131
01/21/2016,H (Mar 16),23.90,24.80,23.30,24.10,24.0750,0.15,47883,0,36140
01/22/2016,H (Mar 16),24.05,24.14,22.10,22.20,22.1750,-1.90,54362,0,43192
01/25/2016,H (Mar 16),22.15,23.25,21.80,23.20,23.1750,1.00,39565,0,46641
01/26/2016,H (Mar 16),23.15,23.80,22.10,22.20,22.2250,-0.95,51010,0,51465
01/27/2016,H (Mar 16),22.25,23.15,21.74,22.90,22.9250,0.70,53137,0,56555
01/28/2016,H (Mar 16),22.90,23.18,22.10,22.45,22.4750,-0.45,49823,0,60938
01/29/2016,H (Mar 16),22.50,22.60,21.25,21.35,21.3250,-1.15,57323,0,68639
02/01/2016,H (Mar 16),21.30,21.88,21.05,21.20,21.2250,-0.10,49999,0,71924
02/02/2016,H (Mar 16),21.25,22.69,21.22,22.40,22.4250,1.20,60212,0,74756
02/03/2016,H (Mar 16),22.42,23.60,22.10,22.20,22.1750,-0.25,88185,0,82880
02/04/2016,H (Mar 16),22.20,22.85,21.84,22.50,22.4750,0.30,67248,0,87808
02/05/2016,H (Mar 16),22.49,23.65,22.25,23.09,23.0500,0.58,99052,0,97798
02/08/2016,H (Mar 16),23.05,25.23,23.00,23.95,23.9750,0.92,100601,0,98991
02/09/2016,H (Mar 16),24.00,25.23,23.88,24.50,24.4750,0.50,100651,600,107119
02/10/2016,H (Mar 16),24.45,24.80,23.51,24.63,24.6250,0.15,107013,0,115431
02/11/2016,H (Mar 16),24.65,26.92,24.65,25.80,25.7750,1.15,161657,1904,140402
02/12/2016,H (Mar 16),25.75,26.15,24.85,25.10,25.1250,-0.65,104145,0,139681
02/16/2016,H (Mar 16),24.85,24.90,23.66,23.85,23.8250,-1.30,108045,0,140326
02/17/2016,H (Mar 16),23.90,24.29,22.75,22.92,22.9250,-0.90,85013,0,139853
02/18/2016,H (Mar 16),22.85,23.25,22.45,22.80,22.7750,-0.15,88340,0,138095
02/19/2016,H (Mar 16),22.80,23.50,22.15,22.37,22.3750,-0.40,89277,0,128921
02/22/2016,H (Mar 16),22.40,22.48,20.85,21.00,21.0250,-1.35,82358,0,128625
02/23/2016,H (Mar 16),21.05,22.25,20.95,22.15,22.1750,1.15,89741,0,123517
02/24/2016,H (Mar 16),22.15,23.48,21.65,21.75,21.7750,-0.40,98380,0,117297
02/25/2016,H (Mar 16),21.80,22.20,20.75,20.82,20.8250,-0.95,74225,0,117749
02/26/2016,H (Mar 16),20.85,21.65,20.20,21.50,21.4750,0.65,87000,0,115441
02/29/2016,H (Mar 16),21.40,22.20,20.65,21.78,21.7750,0.30,69064,0,113678
03/01/2016,H (Mar 16),21.80,22.25,19.40,19.40,19.4250,-2.35,91567,0,118585
03/02/2016,H (Mar 16),19.45,20.12,19.10,19.30,19.2750,-0.15,74266,565,116326
03/03/2016,H (Mar 16),19.25,19.52,18.25,18.35,18.3250,-0.95,94952,0,112474
03/04/2016,H (Mar 16),18.35,18.95,17.75,18.95,18.9250,0.60,84008,2066,106391
03/07/2016,H (Mar 16),18.80,19.32,18.20,18.60,18.5750,-0.35,61750,0,101685
03/08/2016,H (Mar 16),18.60,19.75,18.55,19.65,19.6250,1.05,77522,0,91605
03/09/2016,H (Mar 16),19.60,19.85,19.00,19.10,19.0750,-0.55,62878,0,82013
03/10/2016,H (Mar 16),19.05,20.22,18.10,18.95,18.9500,-0.12,115287,444,73690
03/11/2016,H (Mar 16),18.93,19.02,17.53,17.65,17.6250,-1.32,81292,66,63966
03/14/2016,H (Mar 16),17.70,18.07,17.25,17.45,17.4250,-0.20,60871,0,50825
03/15/2016,H (Mar 16),17.45,18.05,16.80,16.90,16.9000,-0.52,61799,0,36464
03/16/2016,H (Mar 16),17.00,17.05,16.55,17.00,16.2200,-0.68,4592,0,34121
