CFE data is compiled for the convenience of site visitors and is furnished without responsibility for accuracy and is accepted by the site visitor on the condition that transmission or omissions shall not be made the basis for any claim demand or cause for action. Your use of Cboe data is subject to the Terms and Conditions for use of Cboe Websites.
Trade Date,Futures,Open,High,Low,Close,Settle,Change,Total Volume,EFP,Open Interest
02/21/2017,X (Nov 17),0.00,17.95,18.40,0.00,18.2000,18.20,0,0,0
02/22/2017,X (Nov 17),18.30,18.35,18.24,18.24,18.2000,0.00,9,0,7
02/23/2017,X (Nov 17),18.40,18.50,18.30,18.35,18.3500,0.15,16,0,20
02/24/2017,X (Nov 17),18.50,18.55,18.40,18.50,18.4500,0.10,9,0,24
02/27/2017,X (Nov 17),18.40,18.40,18.20,18.30,18.1750,-0.28,3,0,25
02/28/2017,X (Nov 17),18.27,18.27,18.15,18.25,18.2000,0.02,10,0,32
03/01/2017,X (Nov 17),18.00,18.10,17.95,18.10,18.0750,-0.12,13,0,41
03/02/2017,X (Nov 17),18.12,18.20,18.12,18.20,18.2250,0.15,10,0,45
03/03/2017,X (Nov 17),18.13,18.13,18.05,18.05,18.0250,-0.20,4,0,45
03/06/2017,X (Nov 17),18.05,18.06,17.98,17.98,17.9500,-0.08,3,0,47
03/07/2017,X (Nov 17),17.85,17.95,17.85,17.95,17.9750,0.02,4,0,48
03/08/2017,X (Nov 17),17.85,17.95,17.65,17.95,17.9250,-0.05,32,0,69
03/09/2017,X (Nov 17),17.93,18.00,17.85,18.00,17.9500,0.02,7,0,72
03/10/2017,X (Nov 17),17.90,18.01,17.87,18.01,17.9250,-0.02,11,0,76
03/13/2017,X (Nov 17),17.90,17.90,17.84,17.84,17.8500,-0.08,21,0,92
03/14/2017,X (Nov 17),17.85,18.01,17.85,17.95,17.9500,0.10,10,0,95
03/15/2017,X (Nov 17),17.85,17.90,17.80,17.82,17.8250,-0.12,17,0,109
03/16/2017,X (Nov 17),17.90,17.90,17.70,17.70,17.6250,-0.20,7,0,107
03/17/2017,X (Nov 17),17.58,17.60,17.54,17.55,17.5500,-0.08,35,0,128
03/20/2017,X (Nov 17),17.65,17.65,17.55,17.60,17.5500,0.00,40,0,153
03/21/2017,X (Nov 17),17.55,17.85,17.46,17.80,17.8250,0.28,42,0,174
03/22/2017,X (Nov 17),17.85,17.95,17.72,17.83,17.8250,0.00,442,0,390
03/23/2017,X (Nov 17),17.85,18.00,17.70,17.94,17.9500,0.12,282,0,523
03/24/2017,X (Nov 17),17.96,18.01,17.69,17.70,17.7000,-0.25,629,0,846
03/27/2017,X (Nov 17),17.95,17.95,17.45,17.50,17.4500,-0.25,281,0,944
03/28/2017,X (Nov 17),17.45,17.48,17.25,17.29,17.2500,-0.20,1121,0,1494
03/29/2017,X (Nov 17),17.25,17.25,17.08,17.10,17.1250,-0.12,358,0,1548
03/30/2017,X (Nov 17),17.05,17.15,16.99,17.00,17.0000,-0.12,524,0,1790
03/31/2017,X (Nov 17),17.10,17.10,16.93,17.03,17.0500,0.05,318,0,1880
04/03/2017,X (Nov 17),17.04,17.14,16.95,17.05,17.0500,0.00,499,0,2110
04/04/2017,X (Nov 17),17.12,17.17,16.78,16.82,16.8000,-0.25,659,0,2368
04/05/2017,X (Nov 17),16.70,17.00,16.55,17.00,17.0250,0.22,281,0,2534
04/06/2017,X (Nov 17),17.04,17.04,16.69,16.78,16.7750,-0.25,286,0,2665
04/07/2017,X (Nov 17),16.76,16.99,16.75,16.95,16.9750,0.20,462,0,2838
04/10/2017,X (Nov 17),17.00,17.15,16.93,17.07,17.1000,0.12,169,0,2892
04/11/2017,X (Nov 17),17.20,17.40,17.07,17.15,17.1250,0.02,1461,0,3740
04/12/2017,X (Nov 17),17.15,17.32,17.05,17.18,17.1750,0.05,642,0,4056
04/13/2017,X (Nov 17),17.20,17.34,17.00,17.34,17.3000,0.12,1023,0,4639
04/17/2017,X (Nov 17),17.29,17.35,16.85,16.85,16.9000,-0.40,413,0,4761
04/18/2017,X (Nov 17),16.86,17.04,16.78,16.89,16.8750,-0.02,850,0,4916
04/19/2017,X (Nov 17),16.88,17.20,16.62,16.87,16.8750,0.00,4688,0,6183
04/20/2017,X (Nov 17),16.90,16.92,16.66,16.87,16.8750,0.00,1475,0,6357
04/21/2017,X (Nov 17),16.87,16.90,16.65,16.70,16.7250,-0.15,2700,0,7128
04/24/2017,X (Nov 17),16.60,16.60,16.30,16.38,16.3750,-0.35,2639,0,7673
04/25/2017,X (Nov 17),16.31,16.31,16.00,16.05,16.0250,-0.35,1979,0,8207
04/26/2017,X (Nov 17),16.05,16.20,16.02,16.09,16.0750,0.05,1131,0,8616
04/27/2017,X (Nov 17),16.11,16.18,16.05,16.15,16.1250,0.05,1485,0,9054
04/28/2017,X (Nov 17),16.15,16.24,16.03,16.10,16.0750,-0.05,1768,0,9769
05/01/2017,X (Nov 17),16.05,16.05,15.65,15.71,15.7250,-0.35,1650,0,10217
05/02/2017,X (Nov 17),15.70,15.83,15.65,15.75,15.7750,0.05,1413,0,10435
05/03/2017,X (Nov 17),15.77,15.93,15.70,15.90,15.8750,0.10,1506,0,10747
05/04/2017,X (Nov 17),15.88,15.95,15.75,15.80,15.7750,-0.10,1326,0,11058
05/05/2017,X (Nov 17),15.75,15.95,15.70,15.95,15.9250,0.15,2556,0,11871
05/08/2017,X (Nov 17),15.85,16.09,15.85,16.00,16.0250,0.10,3183,0,13283
05/09/2017,X (Nov 17),16.05,16.10,15.90,16.00,16.0250,0.00,2361,0,14290
05/10/2017,X (Nov 17),16.00,16.20,16.00,16.10,16.1250,0.10,3120,0,15635
05/11/2017,X (Nov 17),16.15,16.42,16.07,16.13,16.1250,0.00,3596,0,16385
05/12/2017,X (Nov 17),16.15,16.25,16.05,16.25,16.2250,0.10,2704,0,17098
05/15/2017,X (Nov 17),16.20,16.20,16.10,16.15,16.1250,-0.10,2459,0,17704
05/16/2017,X (Nov 17),16.10,16.33,16.10,16.18,16.1750,0.05,4369,0,18608
05/17/2017,X (Nov 17),16.20,16.99,16.18,16.70,16.7250,0.55,11169,0,20950
05/18/2017,X (Nov 17),16.75,16.93,16.50,16.75,16.7250,0.00,4853,0,21361
05/19/2017,X (Nov 17),16.70,16.70,16.15,16.23,16.2250,-0.50,5384,0,21933
05/22/2017,X (Nov 17),16.30,16.30,16.02,16.05,16.0250,-0.20,2303,0,21888
05/23/2017,X (Nov 17),16.05,16.23,15.98,16.20,16.1750,0.15,2228,0,22490
05/24/2017,X (Nov 17),16.20,16.32,16.10,16.15,16.1750,0.00,4123,0,22655
05/25/2017,X (Nov 17),16.17,16.25,16.03,16.15,16.1750,0.00,4798,0,23354
05/26/2017,X (Nov 17),16.20,16.28,16.10,16.15,16.1250,-0.05,2034,0,23528
05/30/2017,X (Nov 17),16.13,16.25,15.85,15.88,15.8750,-0.25,5432,0,23895
05/31/2017,X (Nov 17),15.88,16.05,15.75,15.90,15.9250,0.05,2977,0,24247
06/01/2017,X (Nov 17),15.85,15.89,15.75,15.76,15.7750,-0.15,3694,0,25140
06/02/2017,X (Nov 17),15.75,15.90,15.70,15.85,15.8250,0.05,3581,0,25862
06/05/2017,X (Nov 17),15.79,15.90,15.70,15.80,15.8250,0.00,1694,0,25843
06/06/2017,X (Nov 17),15.81,16.00,15.80,15.95,15.9250,0.10,3125,0,25678
06/07/2017,X (Nov 17),15.95,16.08,15.85,15.92,15.9250,0.00,2738,0,26151
06/08/2017,X (Nov 17),15.90,15.95,15.68,15.76,15.7750,-0.15,1834,0,26387
06/09/2017,X (Nov 17),15.75,16.05,15.66,15.75,15.7500,-0.02,3811,0,26354
06/12/2017,X (Nov 17),15.70,16.07,15.70,15.75,15.7750,0.02,2915,0,26399
06/13/2017,X (Nov 17),15.75,15.79,15.57,15.60,15.5750,-0.20,2902,0,26338
06/14/2017,X (Nov 17),15.55,15.65,15.50,15.50,15.5250,-0.05,2727,0,26931
06/15/2017,X (Nov 17),15.50,15.79,15.45,15.59,15.5750,0.05,3423,0,27609
06/16/2017,X (Nov 17),15.60,15.70,15.38,15.40,15.4250,-0.15,3157,0,27552
06/19/2017,X (Nov 17),15.42,15.42,15.15,15.31,15.3250,-0.10,6787,0,28294
06/20/2017,X (Nov 17),15.30,15.42,15.15,15.20,15.2250,-0.10,7395,0,28496
06/21/2017,X (Nov 17),15.20,15.30,15.05,15.16,15.1750,-0.05,9617,0,30538
06/22/2017,X (Nov 17),15.18,15.25,15.05,15.16,15.1750,0.00,7664,0,30127
06/23/2017,X (Nov 17),15.15,15.23,15.05,15.12,15.1000,-0.08,5129,0,29841
06/26/2017,X (Nov 17),15.12,15.12,14.75,14.83,14.8250,-0.28,4571,0,30274
06/27/2017,X (Nov 17),14.80,15.00,14.70,14.89,14.8750,0.05,8428,0,31160
06/28/2017,X (Nov 17),14.87,14.94,14.65,14.83,14.8250,-0.05,3857,0,31456
06/29/2017,X (Nov 17),14.80,15.57,14.75,14.87,14.8750,0.05,15438,0,33214
06/30/2017,X (Nov 17),14.80,15.05,14.75,14.93,14.9250,0.05,7660,0,33173
07/03/2017,X (Nov 17),14.85,15.10,14.65,15.10,15.0750,0.15,4543,0,32955
07/05/2017,X (Nov 17),15.12,15.25,14.92,15.10,15.0750,0.00,8273,0,32683
07/06/2017,X (Nov 17),15.10,15.44,14.96,15.30,15.3250,0.25,10008,0,32658
07/07/2017,X (Nov 17),15.33,15.34,15.19,15.30,15.2750,-0.05,7994,0,32760
07/10/2017,X (Nov 17),15.25,15.30,14.90,15.00,14.9750,-0.30,6083,0,31801
07/11/2017,X (Nov 17),14.98,15.23,14.80,14.83,14.8250,-0.15,6809,0,31731
07/12/2017,X (Nov 17),14.82,14.85,14.55,14.62,14.6250,-0.20,10143,0,31868
07/13/2017,X (Nov 17),14.60,14.65,14.40,14.60,14.5750,-0.05,7186,0,32463
07/14/2017,X (Nov 17),14.58,14.60,14.20,14.20,14.2250,-0.35,7876,0,33206
07/17/2017,X (Nov 17),14.20,14.30,14.09,14.20,14.1750,-0.05,8141,0,34604
07/18/2017,X (Nov 17),14.20,14.38,14.15,14.25,14.2250,0.05,10889,0,36014
07/19/2017,X (Nov 17),14.20,14.25,13.95,14.15,14.1250,-0.10,12754,0,36354
07/20/2017,X (Nov 17),14.10,14.21,14.05,14.05,14.0750,-0.05,7903,0,36379
07/21/2017,X (Nov 17),14.08,14.29,14.00,14.00,14.0250,-0.05,13064,0,35944
07/24/2017,X (Nov 17),14.05,14.10,13.80,13.90,13.8750,-0.15,6059,0,35519
07/25/2017,X (Nov 17),13.90,13.95,13.73,13.95,13.9250,0.05,9460,0,36174
07/26/2017,X (Nov 17),13.95,14.00,13.75,13.92,13.9250,0.00,10684,0,37168
07/27/2017,X (Nov 17),13.90,14.23,13.75,13.82,13.8250,-0.10,15403,0,39730
07/28/2017,X (Nov 17),13.82,14.08,13.78,13.83,13.8250,0.00,11811,0,40071
07/31/2017,X (Nov 17),13.85,14.00,13.67,13.68,13.6750,-0.15,8391,0,39722
08/01/2017,X (Nov 17),13.70,13.70,13.50,13.55,13.5250,-0.15,11565,0,39440
08/02/2017,X (Nov 17),13.53,13.79,13.42,13.70,13.7250,0.20,11805,0,39815
08/03/2017,X (Nov 17),13.73,13.96,13.72,13.85,13.8750,0.15,8684,0,40369
08/04/2017,X (Nov 17),13.87,14.05,13.75,13.98,13.9750,0.10,11366,0,41079
08/07/2017,X (Nov 17),14.01,14.02,13.80,13.87,13.8750,-0.10,6630,0,41453
08/08/2017,X (Nov 17),13.84,14.39,13.75,14.18,14.1750,0.30,24518,0,42180
08/09/2017,X (Nov 17),14.20,14.55,14.05,14.30,14.3250,0.15,27165,0,46148
08/10/2017,X (Nov 17),14.30,15.47,14.30,15.40,15.4250,1.10,39560,0,48825
08/11/2017,X (Nov 17),15.45,15.85,14.93,15.75,15.7250,0.30,36832,0,45582
08/14/2017,X (Nov 17),15.70,15.70,14.30,14.30,14.3250,-1.40,32047,0,42870
08/15/2017,X (Nov 17),14.30,14.50,14.00,14.45,14.4250,0.10,24672,0,45508
08/16/2017,X (Nov 17),14.40,14.46,14.10,14.20,14.2250,-0.20,38533,0,47279
08/17/2017,X (Nov 17),14.25,15.53,14.18,15.25,15.2250,1.00,52428,0,47693
08/18/2017,X (Nov 17),15.20,15.48,14.73,15.35,15.3750,0.15,40621,0,48908
08/21/2017,X (Nov 17),15.30,15.40,14.95,14.95,14.9750,-0.40,20222,0,49304
08/22/2017,X (Nov 17),14.96,14.99,14.20,14.25,14.2250,-0.75,26530,0,47796
08/23/2017,X (Nov 17),14.21,14.73,14.15,14.65,14.6250,0.40,28454,0,49301
08/24/2017,X (Nov 17),14.65,14.89,14.25,14.54,14.5250,-0.10,32691,0,50803
08/25/2017,X (Nov 17),14.60,14.70,14.35,14.45,14.4250,-0.10,21778,0,53980
08/28/2017,X (Nov 17),14.40,14.70,14.28,14.35,14.3250,-0.10,20401,0,53879
08/29/2017,X (Nov 17),14.33,15.30,14.29,14.43,14.4250,0.10,34104,0,54113
08/30/2017,X (Nov 17),14.45,14.55,14.30,14.50,14.4750,0.05,12811,0,53345
08/31/2017,X (Nov 17),14.50,14.53,14.20,14.20,14.1750,-0.30,18829,0,54773
09/01/2017,X (Nov 17),14.20,14.31,14.10,14.25,14.2500,0.08,21801,0,54850
09/05/2017,X (Nov 17),14.55,15.12,14.40,14.47,14.4750,0.22,35929,0,53470
09/06/2017,X (Nov 17),14.50,14.80,14.40,14.72,14.7250,0.25,35026,0,54303
09/07/2017,X (Nov 17),14.70,14.90,14.57,14.68,14.6750,-0.05,20838,0,54960
09/08/2017,X (Nov 17),14.68,15.00,14.65,14.90,14.8750,0.20,20363,0,56042
09/11/2017,X (Nov 17),14.75,14.80,14.35,14.40,14.3750,-0.50,20039,0,57097
09/12/2017,X (Nov 17),14.37,14.43,14.08,14.13,14.1250,-0.25,24475,0,60172
09/13/2017,X (Nov 17),14.09,14.15,13.70,13.74,13.7250,-0.40,33218,0,65235
09/14/2017,X (Nov 17),13.72,13.95,13.55,13.75,13.7750,0.05,36272,100,71327
09/15/2017,X (Nov 17),13.80,14.05,13.60,13.65,13.6500,-0.12,23060,0,73558
09/18/2017,X (Nov 17),13.65,13.65,13.14,13.25,13.2250,-0.42,48151,250,80314
09/19/2017,X (Nov 17),13.25,13.35,13.10,13.27,13.2750,0.05,68363,0,94357
09/20/2017,X (Nov 17),13.25,13.55,13.05,13.18,13.1750,-0.10,74069,0,102475
09/21/2017,X (Nov 17),13.20,13.30,13.10,13.26,13.2750,0.10,60301,0,111583
09/22/2017,X (Nov 17),13.25,13.55,13.20,13.40,13.4250,0.15,57264,0,120077
09/25/2017,X (Nov 17),13.40,13.75,13.25,13.35,13.3750,-0.05,100982,0,130329
09/26/2017,X (Nov 17),13.35,13.50,13.15,13.27,13.2750,-0.10,54703,0,141727
09/27/2017,X (Nov 17),13.26,13.30,13.08,13.26,13.2750,0.00,56030,0,149872
09/28/2017,X (Nov 17),13.25,13.30,13.05,13.10,13.1250,-0.15,48014,0,159946
09/29/2017,X (Nov 17),13.10,13.25,12.89,13.00,13.0250,-0.10,80352,0,174886
10/02/2017,X (Nov 17),13.00,13.00,12.60,12.70,12.6750,-0.35,82287,0,192997
10/03/2017,X (Nov 17),12.70,12.80,12.55,12.75,12.7750,0.10,70240,0,200852
10/04/2017,X (Nov 17),12.75,12.85,12.70,12.80,12.7750,0.00,58257,0,210661
10/05/2017,X (Nov 17),12.75,12.78,12.40,12.45,12.4750,-0.30,80810,0,227689
10/06/2017,X (Nov 17),12.46,12.75,12.40,12.50,12.5250,0.05,102010,96,240192
10/09/2017,X (Nov 17),12.55,12.80,12.40,12.60,12.6250,0.10,77729,0,247376
10/10/2017,X (Nov 17),12.60,12.70,12.30,12.30,12.3250,-0.30,113222,0,274012
10/11/2017,X (Nov 17),12.31,12.45,12.05,12.18,12.1750,-0.15,102279,42,295181
10/12/2017,X (Nov 17),12.15,12.25,11.90,12.07,12.0750,-0.10,109378,300,319845
10/13/2017,X (Nov 17),12.05,12.15,11.75,11.85,11.8750,-0.20,105245,0,339994
10/16/2017,X (Nov 17),11.85,11.90,11.60,11.68,11.6750,-0.20,121079,0,360551
10/17/2017,X (Nov 17),11.67,11.80,11.60,11.70,11.7250,0.05,133354,0,383927
10/18/2017,X (Nov 17),11.75,11.80,11.55,11.60,11.5750,-0.15,84384,0,376684
10/19/2017,X (Nov 17),11.55,12.47,11.45,11.50,11.4750,-0.10,154174,0,372068
10/20/2017,X (Nov 17),11.45,11.55,11.30,11.35,11.3250,-0.15,80061,0,364048
10/23/2017,X (Nov 17),11.35,11.90,11.20,11.80,11.7750,0.45,132957,0,335653
10/24/2017,X (Nov 17),11.80,12.00,11.40,11.94,11.9250,0.15,159232,0,319194
10/25/2017,X (Nov 17),11.95,13.25,11.89,12.00,12.0250,0.10,317511,771,300171
10/26/2017,X (Nov 17),12.05,12.35,11.90,12.10,12.0750,0.05,144272,0,285197
10/27/2017,X (Nov 17),12.05,12.25,11.40,11.45,11.4250,-0.65,130355,0,281979
10/30/2017,X (Nov 17),11.40,11.95,11.35,11.59,11.5750,0.15,144641,0,261154
10/31/2017,X (Nov 17),11.65,11.65,11.20,11.27,11.2750,-0.30,98133,0,258686
11/01/2017,X (Nov 17),11.25,11.50,11.10,11.40,11.3750,0.10,114047,0,244746
11/02/2017,X (Nov 17),11.40,11.80,11.07,11.15,11.1250,-0.25,128372,0,240976
11/03/2017,X (Nov 17),11.14,11.20,10.85,10.95,10.9750,-0.15,106012,0,234417
11/06/2017,X (Nov 17),11.05,11.36,10.70,10.75,10.7250,-0.25,86954,0,222113
11/07/2017,X (Nov 17),10.75,11.20,10.70,10.88,10.8750,0.15,155048,0,191365
11/08/2017,X (Nov 17),10.90,11.22,10.74,10.87,10.8750,0.00,121955,0,170978
11/09/2017,X (Nov 17),10.85,12.10,10.82,11.11,11.1250,0.25,229111,0,141166
11/10/2017,X (Nov 17),11.10,11.85,11.10,11.57,11.6000,0.48,141932,0,113166
11/13/2017,X (Nov 17),11.55,11.95,11.40,11.63,11.6250,0.02,115369,0,84899
11/14/2017,X (Nov 17),11.64,12.22,11.60,12.02,12.0500,0.42,145137,0,53587
11/15/2017,X (Nov 17),12.05,13.35,11.98,13.05,13.7900,1.74,9477,0,50887
