CFE data is compiled for the convenience of site visitors and is furnished without responsibility for accuracy and is accepted by the site visitor on the condition that transmission or omissions shall not be made the basis for any claim demand or cause for action. Your use of Cboe data is subject to the Terms and Conditions for use of Cboe Websites.
Trade Date,Futures,Open,High,Low,Close,Settle,Change,Total Volume,EFP,Open Interest
03/27/2017,Z (Dec 17),17.50,17.50,17.50,17.50,17.5000,17.50,1,0,1
03/28/2017,Z (Dec 17),17.55,17.55,17.38,17.39,17.5000,0.00,470,0,398
03/29/2017,Z (Dec 17),17.35,17.36,17.21,17.24,17.2750,-0.22,121,0,388
03/30/2017,Z (Dec 17),17.20,17.24,17.10,17.17,17.1500,-0.12,61,0,407
03/31/2017,Z (Dec 17),17.20,17.20,17.10,17.17,17.2000,0.05,106,0,489
04/03/2017,Z (Dec 17),17.17,17.20,17.10,17.15,17.1500,-0.05,187,0,659
04/04/2017,Z (Dec 17),17.25,17.25,16.88,16.91,16.9000,-0.25,164,0,790
04/05/2017,Z (Dec 17),16.73,17.00,16.67,16.98,16.9000,0.00,41,0,827
04/06/2017,Z (Dec 17),17.10,17.10,16.81,16.86,16.8500,-0.05,115,0,926
04/07/2017,Z (Dec 17),17.10,17.10,16.85,17.02,17.0000,0.15,71,0,959
04/10/2017,Z (Dec 17),17.04,17.25,17.04,17.16,17.1750,0.18,42,0,986
04/11/2017,Z (Dec 17),17.25,17.46,17.17,17.25,17.2000,0.02,134,0,1093
04/12/2017,Z (Dec 17),17.25,17.39,17.19,17.19,17.2250,0.02,121,0,1157
04/13/2017,Z (Dec 17),17.20,17.33,17.10,17.33,17.2750,0.05,63,0,1204
04/17/2017,Z (Dec 17),17.34,17.40,16.95,16.95,17.0000,-0.28,145,0,1312
04/18/2017,Z (Dec 17),17.00,17.11,16.86,16.97,16.9250,-0.08,173,0,1410
04/19/2017,Z (Dec 17),16.94,17.22,16.70,16.95,16.9250,0.00,554,0,1729
04/20/2017,Z (Dec 17),16.97,17.00,16.74,16.90,16.9000,-0.02,165,0,1810
04/21/2017,Z (Dec 17),16.94,16.95,16.75,16.75,16.7500,-0.15,1114,0,2720
04/24/2017,Z (Dec 17),16.70,16.70,16.45,16.45,16.4750,-0.28,316,0,2663
04/25/2017,Z (Dec 17),16.35,16.40,16.13,16.18,16.1500,-0.32,255,0,2751
04/26/2017,Z (Dec 17),16.20,16.29,16.15,16.25,16.2250,0.08,251,0,2907
04/27/2017,Z (Dec 17),16.21,16.30,16.19,16.25,16.2500,0.02,440,0,3174
04/28/2017,Z (Dec 17),16.28,16.35,16.20,16.21,16.2000,-0.05,325,0,3339
05/01/2017,Z (Dec 17),16.15,16.20,15.80,15.87,15.8500,-0.35,300,0,3324
05/02/2017,Z (Dec 17),15.84,15.97,15.84,15.92,15.9250,0.08,116,0,3381
05/03/2017,Z (Dec 17),15.92,16.07,15.90,16.05,16.0500,0.12,377,0,3598
05/04/2017,Z (Dec 17),16.10,16.10,15.93,15.95,15.9500,-0.10,215,0,3667
05/05/2017,Z (Dec 17),15.99,16.12,15.91,16.11,16.1000,0.15,445,0,3933
05/08/2017,Z (Dec 17),16.05,16.24,16.05,16.20,16.2000,0.10,931,0,4689
05/09/2017,Z (Dec 17),16.20,16.29,16.10,16.19,16.2000,0.00,526,0,4898
05/10/2017,Z (Dec 17),16.15,16.38,16.15,16.33,16.3000,0.10,567,0,5143
05/11/2017,Z (Dec 17),16.30,16.56,16.27,16.30,16.3000,0.00,770,0,5466
05/12/2017,Z (Dec 17),16.35,16.39,16.20,16.39,16.3750,0.08,559,0,5826
05/15/2017,Z (Dec 17),16.30,16.39,16.25,16.35,16.3500,-0.02,678,0,6125
05/16/2017,Z (Dec 17),16.35,16.54,16.30,16.40,16.4000,0.05,1415,0,6710
05/17/2017,Z (Dec 17),16.40,17.15,16.40,16.90,16.9250,0.52,6336,0,8278
05/18/2017,Z (Dec 17),16.95,17.10,16.70,16.90,16.8750,-0.05,3628,0,8813
05/19/2017,Z (Dec 17),16.85,16.86,16.37,16.45,16.4250,-0.45,5241,0,9858
05/22/2017,Z (Dec 17),16.43,16.49,16.23,16.23,16.2250,-0.20,1682,0,10424
05/23/2017,Z (Dec 17),16.22,16.42,16.19,16.37,16.3750,0.15,1718,0,11206
05/24/2017,Z (Dec 17),16.35,16.50,16.32,16.38,16.3750,0.00,4356,0,12429
05/25/2017,Z (Dec 17),16.39,16.45,16.27,16.40,16.4250,0.05,4911,0,13630
05/26/2017,Z (Dec 17),16.40,16.49,16.33,16.40,16.3750,-0.05,3069,0,14269
05/30/2017,Z (Dec 17),16.34,16.50,16.10,16.10,16.1250,-0.25,3027,0,14460
05/31/2017,Z (Dec 17),16.15,16.30,16.00,16.10,16.1250,0.00,2135,0,14985
06/01/2017,Z (Dec 17),16.11,16.17,16.03,16.04,16.0500,-0.08,3120,0,14930
06/02/2017,Z (Dec 17),16.05,16.14,15.98,16.06,16.0750,0.02,3329,0,15981
06/05/2017,Z (Dec 17),16.05,16.12,15.95,16.05,16.0250,-0.05,2332,0,16253
06/06/2017,Z (Dec 17),16.05,16.25,16.00,16.18,16.1750,0.15,3893,0,15641
06/07/2017,Z (Dec 17),16.20,16.33,16.10,16.18,16.1750,0.00,2358,0,15863
06/08/2017,Z (Dec 17),16.20,16.25,15.98,16.00,16.0250,-0.15,2001,0,16584
06/09/2017,Z (Dec 17),16.02,16.30,15.93,16.05,16.0250,0.00,3013,0,16711
06/12/2017,Z (Dec 17),16.05,16.34,16.00,16.00,16.0250,0.00,1952,0,16977
06/13/2017,Z (Dec 17),16.07,16.07,15.85,15.89,15.8750,-0.15,1820,0,17186
06/14/2017,Z (Dec 17),15.85,15.95,15.80,15.83,15.8250,-0.05,1670,0,17705
06/15/2017,Z (Dec 17),15.80,16.05,15.80,15.89,15.8750,0.05,2923,0,18305
06/16/2017,Z (Dec 17),15.90,15.95,15.65,15.70,15.7250,-0.15,5891,0,17425
06/19/2017,Z (Dec 17),15.67,15.68,15.45,15.65,15.6250,-0.10,3800,0,17288
06/20/2017,Z (Dec 17),15.55,15.73,15.45,15.52,15.5250,-0.10,3716,0,17127
06/21/2017,Z (Dec 17),15.51,15.60,15.35,15.51,15.5250,0.00,6238,0,19180
06/22/2017,Z (Dec 17),15.51,15.60,15.39,15.49,15.4750,-0.05,5706,0,20243
06/23/2017,Z (Dec 17),15.50,15.55,15.37,15.44,15.4250,-0.05,2026,0,20799
06/26/2017,Z (Dec 17),15.42,15.45,15.13,15.18,15.1750,-0.25,3808,0,22519
06/27/2017,Z (Dec 17),15.15,15.30,15.05,15.18,15.1750,0.00,6016,0,22826
06/28/2017,Z (Dec 17),15.15,15.25,15.00,15.12,15.1250,-0.05,2633,0,23234
06/29/2017,Z (Dec 17),15.10,15.78,15.05,15.10,15.1250,0.00,6889,0,24138
06/30/2017,Z (Dec 17),15.10,15.30,15.05,15.20,15.1750,0.05,3100,0,24070
07/03/2017,Z (Dec 17),15.12,15.35,14.85,15.34,15.3250,0.15,3929,0,23609
07/05/2017,Z (Dec 17),15.36,15.45,15.15,15.29,15.2750,-0.05,5365,0,24244
07/06/2017,Z (Dec 17),15.30,15.63,15.19,15.47,15.4750,0.20,7354,0,26259
07/07/2017,Z (Dec 17),15.50,15.50,15.35,15.47,15.4750,0.00,4688,0,26822
07/10/2017,Z (Dec 17),15.45,15.47,15.10,15.15,15.1750,-0.30,2651,0,27362
07/11/2017,Z (Dec 17),15.18,15.39,15.00,15.03,15.0250,-0.15,4244,0,27799
07/12/2017,Z (Dec 17),15.05,15.10,14.78,14.83,14.8250,-0.20,4090,0,27444
07/13/2017,Z (Dec 17),14.83,14.85,14.65,14.77,14.7750,-0.05,6298,0,28705
07/14/2017,Z (Dec 17),14.75,14.80,14.40,14.40,14.4250,-0.35,4193,0,28378
07/17/2017,Z (Dec 17),14.40,14.50,14.35,14.45,14.4250,0.00,3524,0,28635
07/18/2017,Z (Dec 17),14.45,14.62,14.40,14.49,14.4750,0.05,5680,0,28699
07/19/2017,Z (Dec 17),14.48,14.55,14.28,14.45,14.4750,0.00,15880,0,31488
07/20/2017,Z (Dec 17),14.45,14.55,14.40,14.43,14.4250,-0.05,6182,0,31878
07/21/2017,Z (Dec 17),14.43,14.65,14.35,14.35,14.3750,-0.05,7661,0,33512
07/24/2017,Z (Dec 17),14.39,14.42,14.15,14.19,14.2000,-0.18,4326,0,34130
07/25/2017,Z (Dec 17),14.20,14.22,14.05,14.20,14.1750,-0.02,7696,0,36903
07/26/2017,Z (Dec 17),14.20,14.25,14.00,14.14,14.1250,-0.05,6220,0,38423
07/27/2017,Z (Dec 17),14.15,14.39,13.95,14.00,14.0250,-0.10,10467,0,40154
07/28/2017,Z (Dec 17),14.00,14.21,13.96,14.04,14.0250,0.00,6938,0,40627
07/31/2017,Z (Dec 17),14.08,14.17,13.88,13.88,13.8750,-0.15,5911,0,41248
08/01/2017,Z (Dec 17),13.90,13.92,13.70,13.75,13.7250,-0.15,6813,0,40997
08/02/2017,Z (Dec 17),13.73,13.95,13.62,13.90,13.8750,0.15,6778,0,41172
08/03/2017,Z (Dec 17),13.90,14.13,13.89,14.04,14.0250,0.15,6240,0,41979
08/04/2017,Z (Dec 17),14.04,14.20,13.91,14.17,14.1750,0.15,8016,0,44641
08/07/2017,Z (Dec 17),14.15,14.25,14.05,14.05,14.0750,-0.10,7236,0,44650
08/08/2017,Z (Dec 17),14.06,14.58,14.00,14.38,14.3750,0.30,15682,0,45362
08/09/2017,Z (Dec 17),14.40,14.70,14.25,14.51,14.5250,0.15,17401,0,46299
08/10/2017,Z (Dec 17),14.51,15.50,14.50,15.50,15.4750,0.95,27934,0,47616
08/11/2017,Z (Dec 17),15.40,15.80,15.00,15.75,15.7250,0.25,24758,0,48669
08/14/2017,Z (Dec 17),15.70,15.70,14.50,14.55,14.5250,-1.20,13675,0,49902
08/15/2017,Z (Dec 17),14.50,14.65,14.24,14.65,14.6250,0.10,15426,0,52896
08/16/2017,Z (Dec 17),14.62,14.63,14.30,14.45,14.4250,-0.20,16150,0,52762
08/17/2017,Z (Dec 17),14.43,15.50,14.35,15.15,15.1750,0.75,31310,0,53893
08/18/2017,Z (Dec 17),15.15,15.40,14.77,15.35,15.3250,0.15,23627,0,53758
08/21/2017,Z (Dec 17),15.30,15.39,14.98,14.98,14.9750,-0.35,11819,0,53236
08/22/2017,Z (Dec 17),14.99,14.99,14.38,14.38,14.3750,-0.60,12926,0,50932
08/23/2017,Z (Dec 17),14.40,14.80,14.30,14.79,14.7750,0.40,14500,0,52036
08/24/2017,Z (Dec 17),14.80,14.95,14.47,14.67,14.6750,-0.10,16430,0,53867
08/25/2017,Z (Dec 17),14.70,14.79,14.52,14.62,14.6000,-0.08,14729,0,55419
08/28/2017,Z (Dec 17),14.55,14.80,14.47,14.55,14.5250,-0.08,10650,0,55166
08/29/2017,Z (Dec 17),14.52,15.30,14.46,14.55,14.5750,0.05,16727,0,55622
08/30/2017,Z (Dec 17),14.60,14.70,14.49,14.64,14.6250,0.05,11030,0,56867
08/31/2017,Z (Dec 17),14.70,14.70,14.40,14.43,14.4250,-0.20,13609,0,56241
09/01/2017,Z (Dec 17),14.40,14.50,14.30,14.45,14.4250,0.00,12402,0,57753
09/05/2017,Z (Dec 17),14.55,15.13,14.55,14.60,14.5750,0.15,17351,0,58078
09/06/2017,Z (Dec 17),14.63,14.99,14.56,14.93,14.9250,0.35,19754,0,58182
09/07/2017,Z (Dec 17),14.91,15.10,14.80,14.93,14.9250,0.00,13393,0,57737
09/08/2017,Z (Dec 17),14.93,15.20,14.85,15.05,15.0750,0.15,11009,0,57375
09/11/2017,Z (Dec 17),15.00,15.01,14.68,14.77,14.7750,-0.30,13903,0,55177
09/12/2017,Z (Dec 17),14.74,14.80,14.50,14.50,14.5250,-0.25,12762,0,55976
09/13/2017,Z (Dec 17),14.48,14.55,14.18,14.23,14.2250,-0.30,15016,0,55376
09/14/2017,Z (Dec 17),14.20,14.39,14.03,14.28,14.2750,0.05,16599,0,58164
09/15/2017,Z (Dec 17),14.30,14.50,14.10,14.20,14.1750,-0.10,12556,0,60130
09/18/2017,Z (Dec 17),14.17,14.17,13.70,13.80,13.7750,-0.40,20534,0,62488
09/19/2017,Z (Dec 17),13.80,13.98,13.70,13.90,13.9250,0.15,29893,0,66459
09/20/2017,Z (Dec 17),13.95,14.07,13.70,13.77,13.7750,-0.15,32624,0,68234
09/21/2017,Z (Dec 17),13.75,13.86,13.65,13.85,13.8250,0.05,21086,0,66531
09/22/2017,Z (Dec 17),13.85,14.13,13.79,14.00,13.9750,0.15,21128,0,68584
09/25/2017,Z (Dec 17),13.99,14.27,13.85,13.95,13.9250,-0.05,28873,0,67397
09/26/2017,Z (Dec 17),13.93,14.05,13.70,13.80,13.7750,-0.15,20721,0,68165
09/27/2017,Z (Dec 17),13.80,13.85,13.60,13.80,13.7750,0.00,17450,0,69977
09/28/2017,Z (Dec 17),13.80,13.85,13.63,13.67,13.6750,-0.10,12458,0,70186
09/29/2017,Z (Dec 17),13.66,13.78,13.45,13.60,13.5750,-0.10,19005,0,71782
10/02/2017,Z (Dec 17),13.55,13.57,13.25,13.25,13.2750,-0.30,17266,0,72929
10/03/2017,Z (Dec 17),13.30,13.30,13.10,13.30,13.2750,0.00,27024,0,77844
10/04/2017,Z (Dec 17),13.30,13.40,13.25,13.29,13.2750,0.00,23846,0,78685
10/05/2017,Z (Dec 17),13.27,13.35,13.00,13.00,13.0250,-0.25,21486,0,82185
10/06/2017,Z (Dec 17),13.00,13.30,13.00,13.13,13.1250,0.10,22937,0,83966
10/09/2017,Z (Dec 17),13.15,13.35,13.03,13.20,13.2250,0.10,17450,0,84689
10/10/2017,Z (Dec 17),13.20,13.34,13.00,13.00,13.0250,-0.20,28139,0,89340
10/11/2017,Z (Dec 17),13.00,13.10,12.75,12.85,12.8750,-0.15,33124,0,95403
10/12/2017,Z (Dec 17),12.83,12.95,12.61,12.79,12.7750,-0.10,33388,0,103089
10/13/2017,Z (Dec 17),12.80,12.80,12.45,12.60,12.5750,-0.20,37489,0,107788
10/16/2017,Z (Dec 17),12.59,12.59,12.30,12.37,12.3750,-0.20,41346,0,117107
10/17/2017,Z (Dec 17),12.35,12.47,12.25,12.35,12.3750,0.00,41078,1257,120826
10/18/2017,Z (Dec 17),12.40,12.40,12.20,12.30,12.3250,-0.05,45587,0,127570
10/19/2017,Z (Dec 17),12.30,12.99,12.20,12.20,12.2250,-0.10,73373,0,133740
10/20/2017,Z (Dec 17),12.25,12.25,12.00,12.15,12.1250,-0.10,52839,0,143153
10/23/2017,Z (Dec 17),12.15,12.55,12.00,12.50,12.5250,0.40,68054,0,146767
10/24/2017,Z (Dec 17),12.50,12.55,12.15,12.55,12.5250,0.00,83975,0,151401
10/25/2017,Z (Dec 17),12.51,13.40,12.45,12.60,12.5750,0.05,172975,257,156246
10/26/2017,Z (Dec 17),12.60,12.81,12.45,12.69,12.6750,0.10,92163,0,168569
10/27/2017,Z (Dec 17),12.65,12.75,12.10,12.22,12.2250,-0.45,89974,0,180180
10/30/2017,Z (Dec 17),12.21,12.50,12.10,12.30,12.3250,0.10,97398,0,187066
10/31/2017,Z (Dec 17),12.35,12.35,12.10,12.19,12.1750,-0.15,83679,0,198942
11/01/2017,Z (Dec 17),12.19,12.38,12.05,12.25,12.2750,0.10,99937,0,222210
11/02/2017,Z (Dec 17),12.25,12.60,12.15,12.25,12.2750,0.00,86134,0,235135
11/03/2017,Z (Dec 17),12.25,12.35,12.08,12.31,12.3250,0.05,101848,0,246310
11/06/2017,Z (Dec 17),12.35,12.60,12.15,12.15,12.1750,-0.15,71527,0,261363
11/07/2017,Z (Dec 17),12.20,12.45,12.10,12.28,12.2750,0.10,135748,0,275455
11/08/2017,Z (Dec 17),12.30,12.50,12.10,12.29,12.2750,0.00,96813,0,296982
11/09/2017,Z (Dec 17),12.30,13.05,12.23,12.35,12.3250,0.05,289933,0,329438
11/10/2017,Z (Dec 17),12.35,12.76,12.30,12.60,12.5750,0.25,176600,0,347252
11/13/2017,Z (Dec 17),12.60,12.92,12.45,12.78,12.7750,0.20,138825,0,359562
11/14/2017,Z (Dec 17),12.75,13.15,12.65,12.70,12.6750,-0.10,219011,0,371671
11/15/2017,Z (Dec 17),12.70,13.50,12.65,13.17,13.1750,0.50,229328,4958,365972
11/16/2017,Z (Dec 17),13.15,13.28,12.54,12.70,12.6750,-0.50,166658,0,359141
11/17/2017,Z (Dec 17),12.70,12.85,12.40,12.65,12.6250,-0.05,131535,0,351593
11/20/2017,Z (Dec 17),12.60,12.90,12.05,12.05,12.0750,-0.55,134218,0,347451
11/21/2017,Z (Dec 17),12.10,12.17,11.50,11.65,11.6250,-0.45,155678,0,336948
11/22/2017,Z (Dec 17),11.65,11.69,11.40,11.50,11.4750,-0.15,114951,0,328642
11/24/2017,Z (Dec 17),11.50,11.70,11.35,11.40,11.4250,-0.05,46792,0,324920
11/27/2017,Z (Dec 17),11.40,11.60,11.30,11.30,11.3250,-0.10,87157,0,308374
11/28/2017,Z (Dec 17),11.35,11.50,11.15,11.25,11.2750,-0.05,125862,0,304197
11/29/2017,Z (Dec 17),11.30,11.75,11.25,11.46,11.4750,0.20,163065,0,292166
11/30/2017,Z (Dec 17),11.45,11.75,11.25,11.68,11.6750,0.20,175430,0,286700
12/01/2017,Z (Dec 17),11.68,13.47,11.58,11.85,11.8750,0.20,346289,0,267583
12/04/2017,Z (Dec 17),11.50,11.95,11.15,11.95,11.9250,0.05,222108,0,256240
12/05/2017,Z (Dec 17),11.95,12.05,11.40,11.90,11.8750,-0.05,160286,0,239774
12/06/2017,Z (Dec 17),11.85,12.25,11.70,11.75,11.7250,-0.15,123912,0,224812
12/07/2017,Z (Dec 17),11.75,11.85,11.15,11.19,11.1750,-0.55,118643,0,216686
12/08/2017,Z (Dec 17),11.20,11.30,10.75,10.87,10.8750,-0.30,128033,0,205030
12/11/2017,Z (Dec 17),10.80,11.02,10.25,10.35,10.3250,-0.55,109015,992,194507
12/12/2017,Z (Dec 17),10.35,10.50,10.30,10.39,10.3750,0.05,113123,284,175835
12/13/2017,Z (Dec 17),10.40,10.80,10.30,10.50,10.5250,0.15,125722,209,151198
12/14/2017,Z (Dec 17),10.53,10.75,10.35,10.40,10.3750,-0.15,140555,0,138640
12/15/2017,Z (Dec 17),10.40,10.55,9.80,9.91,9.9250,-0.45,132441,0,124951
12/18/2017,Z (Dec 17),9.90,10.00,9.60,9.88,9.8750,-0.05,134822,98,93939
12/19/2017,Z (Dec 17),9.90,10.15,9.70,10.05,10.0750,0.20,122814,900,76841
12/20/2017,Z (Dec 17),10.05,10.10,9.60,9.60,8.7500,-1.32,6003,0,71415
