CFE data is compiled for the convenience of site visitors and is furnished without responsibility for accuracy and is accepted by the site visitor on the condition that transmission or omissions shall not be made the basis for any claim demand or cause for action. Your use of Cboe data is subject to the Terms and Conditions for use of Cboe Websites.
Trade Date,Futures,Open,High,Low,Close,Settle,Change,Total Volume,EFP,Open Interest
06/26/2017,H (Mar 18),0.00,0.00,0.00,0.00,16.6750,16.68,0,0,0
06/27/2017,H (Mar 18),16.98,17.15,16.95,17.15,17.1250,0.45,32,0,32
06/28/2017,H (Mar 18),17.15,17.15,16.90,17.00,17.0000,-0.12,13,0,39
06/29/2017,H (Mar 18),16.90,17.55,16.90,17.18,17.1500,0.15,218,0,218
06/30/2017,H (Mar 18),17.15,17.22,17.05,17.20,17.2000,0.05,81,0,289
07/03/2017,H (Mar 18),17.12,17.35,16.95,17.34,17.3000,0.10,405,0,568
07/05/2017,H (Mar 18),17.17,17.36,17.10,17.28,17.2500,-0.05,169,0,673
07/06/2017,H (Mar 18),17.20,17.46,17.04,17.46,17.4000,0.15,690,0,1078
07/07/2017,H (Mar 18),17.35,17.45,17.30,17.40,17.4000,0.00,228,0,1225
07/10/2017,H (Mar 18),17.30,17.36,17.15,17.17,17.1500,-0.25,159,0,1309
07/11/2017,H (Mar 18),17.15,17.35,17.15,17.17,17.1000,-0.05,97,0,1384
07/12/2017,H (Mar 18),17.05,17.06,16.95,17.02,17.0000,-0.10,698,0,1942
07/13/2017,H (Mar 18),16.95,16.95,16.79,16.87,16.8500,-0.15,45,0,1942
07/14/2017,H (Mar 18),16.86,16.86,16.55,16.55,16.5750,-0.28,403,0,2129
07/17/2017,H (Mar 18),16.50,16.65,16.50,16.65,16.6000,0.02,409,0,2389
07/18/2017,H (Mar 18),16.65,16.80,16.60,16.70,16.6750,0.08,1116,0,2951
07/19/2017,H (Mar 18),16.70,16.75,16.53,16.65,16.6250,-0.05,1321,0,3650
07/20/2017,H (Mar 18),16.67,16.80,16.62,16.62,16.6250,0.00,758,0,3840
07/21/2017,H (Mar 18),16.60,16.74,16.53,16.55,16.5500,-0.08,797,0,4282
07/24/2017,H (Mar 18),16.60,16.62,16.34,16.35,16.3500,-0.20,320,0,4446
07/25/2017,H (Mar 18),16.37,16.37,16.17,16.27,16.2750,-0.08,951,0,4936
07/26/2017,H (Mar 18),16.26,16.26,16.08,16.18,16.1750,-0.10,1476,0,5715
07/27/2017,H (Mar 18),16.20,16.35,16.00,16.05,16.0500,-0.12,1282,0,6392
07/28/2017,H (Mar 18),16.02,16.20,16.02,16.04,16.0250,-0.02,607,0,6529
07/31/2017,H (Mar 18),16.09,16.25,16.00,16.05,16.0750,0.05,1923,0,7393
08/01/2017,H (Mar 18),16.05,16.05,15.80,15.83,15.8250,-0.25,489,0,7574
08/02/2017,H (Mar 18),15.80,15.97,15.70,15.90,15.9000,0.08,1430,0,7884
08/03/2017,H (Mar 18),15.95,16.05,15.93,16.00,15.9750,0.08,1399,0,8321
08/04/2017,H (Mar 18),16.07,16.15,15.95,16.13,16.1250,0.15,1415,0,8965
08/07/2017,H (Mar 18),16.15,16.18,16.05,16.10,16.0750,-0.05,565,0,9351
08/08/2017,H (Mar 18),16.10,16.41,16.05,16.29,16.2750,0.20,1566,0,9780
08/09/2017,H (Mar 18),16.32,16.54,16.20,16.35,16.3750,0.10,2062,0,10586
08/10/2017,H (Mar 18),16.37,17.14,16.32,17.10,17.1250,0.75,1436,0,10748
08/11/2017,H (Mar 18),17.15,17.30,16.75,17.30,17.3250,0.20,1271,0,11189
08/14/2017,H (Mar 18),17.25,17.25,16.35,16.37,16.3500,-0.98,885,0,11341
08/15/2017,H (Mar 18),16.35,16.43,16.12,16.40,16.3750,0.02,1042,0,11643
08/16/2017,H (Mar 18),16.40,16.40,16.12,16.25,16.2750,-0.10,2520,0,12333
08/17/2017,H (Mar 18),16.30,17.06,16.28,16.81,16.8250,0.55,3085,0,13297
08/18/2017,H (Mar 18),16.80,16.95,16.49,16.93,16.9250,0.10,1891,0,13529
08/21/2017,H (Mar 18),16.95,16.99,16.67,16.67,16.6750,-0.25,1354,0,13783
08/22/2017,H (Mar 18),16.60,16.65,16.16,16.16,16.1750,-0.50,1556,0,14065
08/23/2017,H (Mar 18),16.15,16.50,16.13,16.43,16.4250,0.25,1502,0,14206
08/24/2017,H (Mar 18),16.47,16.59,16.23,16.42,16.4250,0.00,1376,0,14386
08/25/2017,H (Mar 18),16.45,16.55,16.30,16.39,16.4000,-0.02,1206,0,14563
08/28/2017,H (Mar 18),16.39,16.55,16.28,16.34,16.3250,-0.08,1330,0,14598
08/29/2017,H (Mar 18),16.30,16.92,16.30,16.40,16.4250,0.10,1620,0,14762
08/30/2017,H (Mar 18),16.42,16.50,16.37,16.45,16.4750,0.05,1343,0,14965
08/31/2017,H (Mar 18),16.50,16.55,16.30,16.30,16.3250,-0.15,2675,0,15047
09/01/2017,H (Mar 18),16.32,16.40,16.24,16.32,16.3250,0.00,2065,0,15321
09/05/2017,H (Mar 18),16.35,17.45,15.85,16.34,16.3250,0.00,2961,0,15812
09/06/2017,H (Mar 18),16.38,16.67,16.34,16.60,16.6250,0.30,3032,0,16779
09/07/2017,H (Mar 18),16.60,16.75,16.50,16.63,16.6250,0.00,2208,0,16855
09/08/2017,H (Mar 18),16.61,16.85,16.61,16.75,16.7250,0.10,1202,0,16792
09/11/2017,H (Mar 18),16.65,16.65,16.40,16.45,16.4750,-0.25,2718,0,17341
09/12/2017,H (Mar 18),16.45,16.57,16.25,16.28,16.2750,-0.20,2889,0,17362
09/13/2017,H (Mar 18),16.25,16.35,16.04,16.05,16.0750,-0.20,3578,0,17665
09/14/2017,H (Mar 18),16.06,16.20,15.96,16.18,16.1750,0.10,2162,0,18018
09/15/2017,H (Mar 18),16.19,16.32,16.08,16.12,16.1250,-0.05,1770,0,18515
09/18/2017,H (Mar 18),16.07,16.15,15.75,15.83,15.8250,-0.30,5777,0,19698
09/19/2017,H (Mar 18),15.82,16.00,15.75,15.97,15.9750,0.15,4750,0,21193
09/20/2017,H (Mar 18),15.96,16.05,15.80,15.84,15.8250,-0.15,5316,0,22550
09/21/2017,H (Mar 18),15.87,15.95,15.77,15.92,15.9250,0.10,4300,0,23115
09/22/2017,H (Mar 18),15.90,16.15,15.90,16.08,16.0750,0.15,2839,0,23660
09/25/2017,H (Mar 18),16.07,16.30,15.95,16.00,16.0250,-0.05,2651,0,23790
09/26/2017,H (Mar 18),16.00,16.10,15.88,15.90,15.9250,-0.10,1468,0,23629
09/27/2017,H (Mar 18),15.90,16.00,15.82,15.94,15.9250,0.00,1720,0,23751
09/28/2017,H (Mar 18),15.94,15.97,15.85,15.89,15.8750,-0.05,1761,0,24082
09/29/2017,H (Mar 18),15.88,15.94,15.75,15.82,15.8000,-0.08,2892,0,23976
10/02/2017,H (Mar 18),15.75,15.80,15.48,15.52,15.5250,-0.28,3898,0,23668
10/03/2017,H (Mar 18),15.51,15.54,15.40,15.48,15.4750,-0.05,3804,0,23870
10/04/2017,H (Mar 18),15.50,15.55,15.45,15.45,15.4750,0.00,1549,0,23953
10/05/2017,H (Mar 18),15.46,15.52,15.25,15.28,15.2750,-0.20,2177,0,24054
10/06/2017,H (Mar 18),15.23,15.44,15.23,15.33,15.3250,0.05,2491,0,24032
10/09/2017,H (Mar 18),15.33,15.55,15.25,15.45,15.4750,0.15,5284,0,25962
10/10/2017,H (Mar 18),15.49,15.55,15.30,15.30,15.3250,-0.15,4087,0,27021
10/11/2017,H (Mar 18),15.33,15.40,15.20,15.25,15.2750,-0.05,2189,0,26909
10/12/2017,H (Mar 18),15.24,15.35,15.13,15.28,15.2750,0.00,3757,0,27224
10/13/2017,H (Mar 18),15.29,15.29,15.00,15.00,15.0250,-0.25,3967,0,26870
10/16/2017,H (Mar 18),15.08,15.10,14.85,14.88,14.8750,-0.15,3183,0,26822
10/17/2017,H (Mar 18),14.85,15.00,14.80,14.80,14.8250,-0.05,7549,0,27869
10/18/2017,H (Mar 18),14.84,14.90,14.66,14.87,14.8750,0.05,9691,0,27714
10/19/2017,H (Mar 18),14.85,15.28,14.72,14.72,14.7250,-0.15,9028,0,27515
10/20/2017,H (Mar 18),14.74,14.75,14.58,14.65,14.6250,-0.10,5555,0,26720
10/23/2017,H (Mar 18),14.65,14.88,14.53,14.87,14.8750,0.25,5396,0,26796
10/24/2017,H (Mar 18),14.85,14.95,14.65,14.89,14.8750,0.00,6409,0,27467
10/25/2017,H (Mar 18),14.90,15.45,14.80,14.92,14.9250,0.05,8933,0,28044
10/26/2017,H (Mar 18),14.95,15.05,14.85,14.97,14.9750,0.05,4381,0,27950
10/27/2017,H (Mar 18),14.95,15.00,14.55,14.55,14.5750,-0.40,5957,0,27983
10/30/2017,H (Mar 18),14.59,14.72,14.45,14.60,14.5750,0.00,7531,0,26809
10/31/2017,H (Mar 18),14.55,14.60,14.43,14.45,14.4750,-0.10,3588,0,27250
11/01/2017,H (Mar 18),14.50,14.60,14.34,14.58,14.5750,0.10,5363,0,28001
11/02/2017,H (Mar 18),14.59,14.77,14.50,14.66,14.6750,0.10,5357,0,29066
11/03/2017,H (Mar 18),14.65,14.75,14.51,14.73,14.7250,0.05,4572,0,29748
11/06/2017,H (Mar 18),14.75,14.89,14.65,14.65,14.6750,-0.05,3808,0,29916
11/07/2017,H (Mar 18),14.73,14.90,14.65,14.80,14.8250,0.15,8072,0,29483
11/08/2017,H (Mar 18),14.85,14.97,14.75,14.88,14.8750,0.05,7120,0,29802
11/09/2017,H (Mar 18),14.90,15.39,14.85,14.95,14.9750,0.10,12139,0,30399
11/10/2017,H (Mar 18),14.99,15.33,14.99,15.20,15.2250,0.25,11128,0,30937
11/13/2017,H (Mar 18),15.21,15.43,15.10,15.38,15.3750,0.15,6381,0,31554
11/14/2017,H (Mar 18),15.40,15.70,15.35,15.49,15.4750,0.10,13831,0,32271
11/15/2017,H (Mar 18),15.50,16.05,15.50,15.70,15.7250,0.25,12749,0,31921
11/16/2017,H (Mar 18),15.70,15.79,15.25,15.45,15.4250,-0.30,7161,0,31942
11/17/2017,H (Mar 18),15.40,15.50,15.20,15.35,15.3250,-0.10,8253,0,32021
11/20/2017,H (Mar 18),15.30,15.43,14.90,14.95,14.9750,-0.35,10133,0,33582
11/21/2017,H (Mar 18),14.97,15.00,14.65,14.65,14.6750,-0.30,8869,0,33235
11/22/2017,H (Mar 18),14.70,14.70,14.50,14.58,14.5750,-0.10,6171,0,33119
11/24/2017,H (Mar 18),14.60,14.74,14.50,14.52,14.5250,-0.05,4469,0,32770
11/27/2017,H (Mar 18),14.52,14.68,14.47,14.60,14.5750,0.05,5081,0,32795
11/28/2017,H (Mar 18),14.59,14.65,14.45,14.50,14.4750,-0.10,8129,0,33007
11/29/2017,H (Mar 18),14.50,14.78,14.45,14.71,14.7250,0.25,6961,0,33274
11/30/2017,H (Mar 18),14.73,14.74,14.52,14.65,14.6750,-0.05,15308,0,34076
12/01/2017,H (Mar 18),14.70,15.62,14.65,14.87,14.8750,0.20,24809,0,34596
12/04/2017,H (Mar 18),14.80,14.88,14.42,14.84,14.8250,-0.05,12132,0,33661
12/05/2017,H (Mar 18),14.85,14.90,14.52,14.70,14.7250,-0.10,11717,0,33330
12/06/2017,H (Mar 18),14.75,14.89,14.65,14.70,14.6750,-0.05,6968,0,33437
12/07/2017,H (Mar 18),14.70,14.75,14.35,14.40,14.3750,-0.30,8370,0,34568
12/08/2017,H (Mar 18),14.37,14.40,14.17,14.25,14.2750,-0.10,36193,0,43445
12/11/2017,H (Mar 18),14.23,14.38,14.05,14.09,14.0750,-0.20,15872,0,43754
12/12/2017,H (Mar 18),14.08,14.15,14.00,14.10,14.0750,0.00,15301,0,43952
12/13/2017,H (Mar 18),14.10,14.20,13.90,13.90,13.9250,-0.15,18150,0,45234
12/14/2017,H (Mar 18),13.90,14.02,13.80,13.90,13.9250,0.00,22846,0,45369
12/15/2017,H (Mar 18),13.93,13.95,13.55,13.60,13.5750,-0.35,19115,0,47182
12/18/2017,H (Mar 18),13.58,13.58,13.28,13.32,13.3250,-0.25,17564,0,49276
12/19/2017,H (Mar 18),13.34,13.45,13.25,13.25,13.2750,-0.05,19314,0,50094
12/20/2017,H (Mar 18),13.25,13.35,13.10,13.30,13.2750,0.00,22496,0,49678
12/21/2017,H (Mar 18),13.26,13.27,13.08,13.13,13.1250,-0.15,21327,0,51138
12/22/2017,H (Mar 18),13.13,13.20,13.00,13.17,13.1750,0.05,15389,0,52356
12/26/2017,H (Mar 18),13.20,13.22,12.95,13.10,13.1000,-0.08,13704,0,55214
12/27/2017,H (Mar 18),13.10,13.15,12.95,13.05,13.0750,-0.02,15359,0,56411
12/28/2017,H (Mar 18),13.08,13.10,13.00,13.07,13.0750,0.00,13017,0,56479
12/29/2017,H (Mar 18),13.05,13.30,12.95,13.23,13.2250,0.15,18785,0,59061
01/02/2018,H (Mar 18),13.24,13.30,12.82,12.82,12.8250,-0.40,27464,0,63045
01/03/2018,H (Mar 18),12.82,12.85,12.55,12.65,12.6250,-0.20,38972,0,69970
01/04/2018,H (Mar 18),12.65,12.70,12.45,12.65,12.6750,0.05,25143,0,79887
01/05/2018,H (Mar 18),12.65,12.72,12.55,12.55,12.5750,-0.10,22727,0,81685
01/08/2018,H (Mar 18),12.60,12.65,12.35,12.50,12.4750,-0.10,23814,0,72753
01/09/2018,H (Mar 18),12.50,12.60,12.35,12.54,12.5250,0.05,37934,0,75065
01/10/2018,H (Mar 18),12.57,12.80,12.30,12.40,12.3750,-0.15,32846,0,77682
01/11/2018,H (Mar 18),12.37,12.38,12.22,12.30,12.3250,-0.05,30480,0,83945
01/12/2018,H (Mar 18),12.31,12.40,12.20,12.40,12.3750,0.05,55892,0,90362
01/16/2018,H (Mar 18),12.35,12.99,12.20,12.71,12.7250,0.35,88935,0,96806
01/17/2018,H (Mar 18),12.67,12.96,12.45,12.57,12.5750,-0.15,117137,0,115961
01/18/2018,H (Mar 18),12.60,12.95,12.45,12.76,12.7750,0.20,128006,0,114057
01/19/2018,H (Mar 18),12.77,12.90,12.50,12.54,12.5250,-0.25,77633,390,120746
01/22/2018,H (Mar 18),12.65,12.70,12.35,12.49,12.4750,-0.05,65353,0,126445
01/23/2018,H (Mar 18),12.45,12.80,12.44,12.73,12.7250,0.25,90454,310,135062
01/24/2018,H (Mar 18),12.73,13.18,12.60,12.90,12.9250,0.20,115036,437,141998
01/25/2018,H (Mar 18),12.90,13.22,12.73,13.04,13.0250,0.10,88101,595,148406
01/26/2018,H (Mar 18),13.05,13.15,12.85,13.05,13.0750,0.05,72980,1202,159952
01/29/2018,H (Mar 18),13.10,13.85,13.00,13.85,13.8250,0.75,131029,1405,167186
01/30/2018,H (Mar 18),13.85,14.55,13.79,14.05,14.0750,0.25,202754,4353,179294
01/31/2018,H (Mar 18),14.05,14.20,13.58,13.67,13.6750,-0.40,133067,921,194399
02/01/2018,H (Mar 18),13.69,14.00,13.00,13.42,13.4250,-0.25,160256,878,209245
02/02/2018,H (Mar 18),13.40,15.00,13.08,14.98,14.9750,1.55,324372,3608,239702
02/05/2018,H (Mar 18),15.00,29.25,14.43,27.95,27.9750,13.00,536059,5013,287828
02/06/2018,H (Mar 18),27.40,28.00,18.10,21.00,21.0250,-6.95,675499,10748,249519
02/07/2018,H (Mar 18),20.45,20.90,17.80,19.90,19.8750,-1.15,283310,0,218471
02/08/2018,H (Mar 18),19.70,23.39,18.75,21.60,21.6500,1.78,270960,2598,224701
02/09/2018,H (Mar 18),21.60,23.44,20.34,20.40,20.4250,-1.22,231284,917,231520
02/12/2018,H (Mar 18),20.30,21.20,19.75,19.85,19.8250,-0.60,183266,5507,235693
02/13/2018,H (Mar 18),19.85,21.10,19.80,19.84,19.8250,0.00,138627,0,239164
02/14/2018,H (Mar 18),19.85,20.81,17.65,17.85,17.8750,-1.95,177563,3788,234454
02/15/2018,H (Mar 18),17.90,18.15,17.10,17.55,17.5250,-0.35,117472,0,225204
02/16/2018,H (Mar 18),17.50,18.02,16.90,17.76,17.7750,0.25,102161,0,214781
02/20/2018,H (Mar 18),17.70,18.95,17.33,18.36,18.3750,0.60,98918,0,206395
02/21/2018,H (Mar 18),18.35,18.95,17.10,18.56,18.5750,0.20,114710,0,200203
02/22/2018,H (Mar 18),18.55,19.40,17.85,18.10,18.0750,-0.50,92083,0,191543
02/23/2018,H (Mar 18),18.10,18.20,16.72,16.80,16.7750,-1.30,106465,0,185668
