CFE data is compiled for the convenience of site visitors and is furnished without responsibility for accuracy and is accepted by the site visitor on the condition that transmission or omissions shall not be made the basis for any claim demand or cause for action. Your use of Cboe data is subject to the Terms and Conditions for use of Cboe Websites.
Trade Date,Futures,Open,High,Low,Close,Settle,Change,Total Volume,EFP,Open Interest
07/24/2017,J (Apr 18),0.00,16.65,16.95,0.00,16.8250,16.82,0,0,0
07/25/2017,J (Apr 18),16.60,16.74,16.60,16.73,16.7000,-0.12,25,0,19
07/26/2017,J (Apr 18),16.74,16.74,16.50,16.60,16.6250,-0.08,163,0,170
07/27/2017,J (Apr 18),16.55,16.65,16.47,16.55,16.5250,-0.10,49,0,197
07/28/2017,J (Apr 18),16.45,16.55,16.40,16.46,16.4500,-0.08,25,0,215
07/31/2017,J (Apr 18),16.40,16.55,16.40,16.51,16.4250,-0.02,26,0,237
08/01/2017,J (Apr 18),16.40,16.41,16.24,16.24,16.2250,-0.20,11,0,242
08/02/2017,J (Apr 18),16.25,16.35,16.15,16.28,16.3000,0.08,154,0,348
08/03/2017,J (Apr 18),16.35,16.40,16.30,16.39,16.3750,0.08,25,0,359
08/04/2017,J (Apr 18),16.45,16.50,16.35,16.48,16.4750,0.10,77,0,388
08/07/2017,J (Apr 18),16.45,16.50,16.45,16.45,16.4250,-0.05,5,0,390
08/08/2017,J (Apr 18),16.48,16.75,16.48,16.70,16.7000,0.28,354,0,591
08/09/2017,J (Apr 18),16.70,16.87,16.65,16.75,16.7000,0.00,280,0,630
08/10/2017,J (Apr 18),16.70,17.45,16.63,17.42,17.4500,0.75,345,0,738
08/11/2017,J (Apr 18),17.50,17.65,17.10,17.62,17.6250,0.18,201,0,786
08/14/2017,J (Apr 18),17.60,17.60,16.70,16.71,16.7000,-0.92,175,0,811
08/15/2017,J (Apr 18),16.75,16.77,16.47,16.72,16.7250,0.02,273,0,917
08/16/2017,J (Apr 18),16.70,16.75,16.48,16.63,16.6250,-0.10,605,0,1100
08/17/2017,J (Apr 18),16.60,17.35,16.60,17.16,17.2000,0.58,616,0,1355
08/18/2017,J (Apr 18),17.15,17.25,16.85,17.24,17.2500,0.05,569,0,1497
08/21/2017,J (Apr 18),17.20,17.29,17.03,17.03,17.0500,-0.20,360,0,1584
08/22/2017,J (Apr 18),17.00,17.05,16.60,16.60,16.5750,-0.48,540,0,1731
08/23/2017,J (Apr 18),16.55,16.85,16.50,16.75,16.7500,0.18,505,0,1767
08/24/2017,J (Apr 18),16.80,16.91,16.58,16.82,16.8000,0.05,402,0,1796
08/25/2017,J (Apr 18),16.79,16.88,16.70,16.75,16.7500,-0.05,342,0,1936
08/28/2017,J (Apr 18),16.80,16.95,16.69,16.71,16.7000,-0.05,267,0,2062
08/29/2017,J (Apr 18),16.70,17.25,16.68,16.82,16.8000,0.10,612,0,2094
08/30/2017,J (Apr 18),16.75,16.88,16.70,16.85,16.8500,0.05,359,0,2158
08/31/2017,J (Apr 18),16.85,16.95,16.70,16.70,16.7000,-0.15,805,0,2183
09/01/2017,J (Apr 18),16.72,16.77,16.63,16.75,16.7250,0.02,410,0,2256
09/05/2017,J (Apr 18),16.75,19.00,16.65,16.71,16.7250,0.00,740,0,2283
09/06/2017,J (Apr 18),16.80,17.00,16.70,17.00,16.9750,0.25,642,0,2668
09/07/2017,J (Apr 18),17.00,17.07,16.85,16.96,16.9500,-0.02,599,0,2898
09/08/2017,J (Apr 18),16.97,17.17,16.95,17.05,17.0750,0.12,330,0,2981
09/11/2017,J (Apr 18),17.00,17.00,16.79,16.80,16.8250,-0.25,485,0,3055
09/12/2017,J (Apr 18),16.85,16.94,16.65,16.67,16.6750,-0.15,447,0,3128
09/13/2017,J (Apr 18),16.65,16.75,16.46,16.50,16.5250,-0.15,926,0,3357
09/14/2017,J (Apr 18),16.45,16.62,16.40,16.59,16.5750,0.05,666,0,3384
09/15/2017,J (Apr 18),16.61,16.72,16.52,16.56,16.5500,-0.02,371,0,3453
09/18/2017,J (Apr 18),16.50,16.59,16.23,16.28,16.2750,-0.28,847,0,3488
09/19/2017,J (Apr 18),16.25,16.44,16.23,16.42,16.4000,0.12,1015,0,3730
09/20/2017,J (Apr 18),16.35,16.49,16.25,16.29,16.2750,-0.12,2336,0,4504
09/21/2017,J (Apr 18),16.35,16.40,16.22,16.38,16.3750,0.10,1526,0,4366
09/22/2017,J (Apr 18),16.36,16.60,16.35,16.55,16.5250,0.15,1234,0,4630
09/25/2017,J (Apr 18),16.52,16.73,16.40,16.47,16.4750,-0.05,1429,0,4821
09/26/2017,J (Apr 18),16.45,16.51,16.36,16.40,16.4250,-0.05,1652,0,5408
09/27/2017,J (Apr 18),16.36,16.50,16.28,16.43,16.4250,0.00,1314,0,5805
09/28/2017,J (Apr 18),16.43,16.45,16.32,16.36,16.3750,-0.05,1508,0,6136
09/29/2017,J (Apr 18),16.37,16.40,16.20,16.25,16.2750,-0.10,2480,0,6403
10/02/2017,J (Apr 18),16.21,16.27,15.95,16.03,16.0250,-0.25,2034,0,6526
10/03/2017,J (Apr 18),16.00,16.03,15.90,15.94,15.9750,-0.05,1919,0,7008
10/04/2017,J (Apr 18),15.99,16.00,15.93,15.97,15.9750,0.00,1176,0,7113
10/05/2017,J (Apr 18),15.94,15.99,15.73,15.77,15.7750,-0.20,1923,0,7490
10/06/2017,J (Apr 18),15.73,15.92,15.73,15.82,15.8250,0.05,1211,0,7453
10/09/2017,J (Apr 18),15.83,16.03,15.73,15.94,15.9500,0.12,1826,0,7608
10/10/2017,J (Apr 18),15.97,16.05,15.80,15.80,15.8250,-0.12,1253,0,7656
10/11/2017,J (Apr 18),15.82,15.90,15.70,15.75,15.7750,-0.05,2451,0,7834
10/12/2017,J (Apr 18),15.76,15.84,15.65,15.78,15.7750,0.00,1783,0,8132
10/13/2017,J (Apr 18),15.79,15.79,15.55,15.56,15.5750,-0.20,2060,0,8654
10/16/2017,J (Apr 18),15.55,15.60,15.40,15.43,15.4250,-0.15,2362,0,9219
10/17/2017,J (Apr 18),15.43,15.55,15.35,15.42,15.4250,0.00,4575,0,10182
10/18/2017,J (Apr 18),15.36,15.50,15.20,15.49,15.4750,0.05,5127,0,11384
10/19/2017,J (Apr 18),15.47,15.85,15.33,15.35,15.3250,-0.15,4028,0,11874
10/20/2017,J (Apr 18),15.33,15.35,15.15,15.20,15.2250,-0.10,2427,0,12427
10/23/2017,J (Apr 18),15.25,15.45,15.13,15.44,15.4250,0.20,2858,0,12601
10/24/2017,J (Apr 18),15.45,15.48,15.25,15.48,15.4750,0.05,3304,0,12983
10/25/2017,J (Apr 18),15.45,15.98,15.40,15.45,15.4750,0.00,4069,0,13246
10/26/2017,J (Apr 18),15.50,15.60,15.40,15.53,15.5250,0.05,1444,0,13259
10/27/2017,J (Apr 18),15.50,15.55,15.14,15.20,15.1750,-0.35,2102,0,13363
10/30/2017,J (Apr 18),15.19,15.25,15.07,15.20,15.1750,0.00,2809,0,13827
10/31/2017,J (Apr 18),15.17,15.19,15.05,15.05,15.0750,-0.10,1873,0,14313
11/01/2017,J (Apr 18),15.07,15.18,14.94,15.14,15.1250,0.05,2783,0,14494
11/02/2017,J (Apr 18),15.15,15.34,15.08,15.22,15.2250,0.10,2046,0,14747
11/03/2017,J (Apr 18),15.22,15.30,15.10,15.29,15.2750,0.05,1470,0,14857
11/06/2017,J (Apr 18),15.30,15.45,15.20,15.30,15.2750,0.00,1753,0,15097
11/07/2017,J (Apr 18),15.29,15.50,15.25,15.35,15.3750,0.10,6373,0,17557
11/08/2017,J (Apr 18),15.41,15.55,15.30,15.47,15.4750,0.10,3676,0,17899
11/09/2017,J (Apr 18),15.45,15.92,15.45,15.55,15.5250,0.05,6160,0,18551
11/10/2017,J (Apr 18),15.55,15.85,15.55,15.75,15.7250,0.20,6171,0,19537
11/13/2017,J (Apr 18),15.74,15.95,15.65,15.92,15.9250,0.20,4683,0,19941
11/14/2017,J (Apr 18),15.95,16.25,15.88,16.10,16.0750,0.15,7741,0,20735
11/15/2017,J (Apr 18),16.08,16.57,16.05,16.25,16.2750,0.20,6160,0,21337
11/16/2017,J (Apr 18),16.30,16.31,15.90,16.00,15.9750,-0.30,4009,0,21185
11/17/2017,J (Apr 18),16.00,16.09,15.80,15.90,15.9250,-0.05,4829,0,21470
11/20/2017,J (Apr 18),15.85,15.95,15.50,15.60,15.5750,-0.35,4238,0,21414
11/21/2017,J (Apr 18),15.57,15.60,15.25,15.30,15.2750,-0.30,4869,0,21470
11/22/2017,J (Apr 18),15.29,15.32,15.15,15.15,15.1750,-0.10,3309,0,21639
11/24/2017,J (Apr 18),15.25,15.35,15.10,15.13,15.1250,-0.05,3203,0,22090
11/27/2017,J (Apr 18),15.15,15.30,15.08,15.20,15.2250,0.10,3271,0,22226
11/28/2017,J (Apr 18),15.20,15.29,15.05,15.10,15.1250,-0.10,4188,0,22594
11/29/2017,J (Apr 18),15.12,15.40,15.10,15.30,15.3250,0.20,4412,0,22850
11/30/2017,J (Apr 18),15.32,15.34,15.13,15.27,15.2750,-0.05,8398,0,22721
12/01/2017,J (Apr 18),15.30,16.10,15.28,15.46,15.4750,0.20,13008,0,23010
12/04/2017,J (Apr 18),15.40,15.45,15.00,15.45,15.4250,-0.05,8107,0,23336
12/05/2017,J (Apr 18),15.40,15.42,15.10,15.29,15.2750,-0.15,8173,0,23407
12/06/2017,J (Apr 18),15.30,15.40,15.21,15.25,15.2250,-0.05,3396,0,24079
12/07/2017,J (Apr 18),15.23,15.27,14.92,14.92,14.9250,-0.30,4281,0,24512
12/08/2017,J (Apr 18),14.95,14.95,14.75,14.84,14.8250,-0.10,6823,0,25116
12/11/2017,J (Apr 18),14.80,15.00,14.70,14.72,14.7250,-0.10,6197,0,25716
12/12/2017,J (Apr 18),14.73,14.80,14.65,14.75,14.7750,0.05,7247,0,26877
12/13/2017,J (Apr 18),14.75,14.85,14.60,14.63,14.6250,-0.15,8795,0,26750
12/14/2017,J (Apr 18),14.60,14.70,14.50,14.55,14.5750,-0.05,7663,0,27126
12/15/2017,J (Apr 18),14.60,14.64,14.30,14.35,14.3250,-0.25,8656,0,26617
12/18/2017,J (Apr 18),14.30,14.32,14.00,14.05,14.0750,-0.25,8347,0,28103
12/19/2017,J (Apr 18),14.05,14.15,13.95,13.95,13.9750,-0.10,8114,0,29785
12/20/2017,J (Apr 18),13.95,14.05,13.85,14.01,14.0250,0.05,8365,0,30806
12/21/2017,J (Apr 18),13.98,13.98,13.80,13.83,13.8250,-0.20,10654,0,32703
12/22/2017,J (Apr 18),13.83,13.90,13.75,13.83,13.8250,0.00,6994,0,33020
12/26/2017,J (Apr 18),13.90,13.90,13.60,13.75,13.7750,-0.05,6809,0,33912
12/27/2017,J (Apr 18),13.75,13.80,13.55,13.70,13.7250,-0.05,9053,0,34208
12/28/2017,J (Apr 18),13.75,13.75,13.65,13.73,13.7250,0.00,5427,0,33926
12/29/2017,J (Apr 18),13.75,13.90,13.60,13.90,13.8750,0.15,7000,0,33819
01/02/2018,J (Apr 18),13.85,13.86,13.47,13.55,13.5250,-0.35,12593,0,34626
01/03/2018,J (Apr 18),13.45,13.50,13.25,13.35,13.3250,-0.20,10754,0,35470
01/04/2018,J (Apr 18),13.30,13.40,13.14,13.40,13.3750,0.05,12437,0,36583
01/05/2018,J (Apr 18),13.38,13.45,13.25,13.28,13.2750,-0.10,7575,0,37788
01/08/2018,J (Apr 18),13.30,13.36,13.10,13.23,13.2250,-0.05,8886,0,39272
01/09/2018,J (Apr 18),13.22,13.30,13.09,13.23,13.2250,0.00,13743,0,39927
01/10/2018,J (Apr 18),13.25,13.50,13.03,13.07,13.0750,-0.15,12047,0,41510
01/11/2018,J (Apr 18),13.07,13.08,12.90,13.00,12.9750,-0.10,13575,0,44388
01/12/2018,J (Apr 18),13.00,13.05,12.85,12.99,12.9750,0.00,19542,0,45643
01/16/2018,J (Apr 18),13.00,13.55,12.87,13.34,13.3250,0.35,30810,0,49459
01/17/2018,J (Apr 18),13.29,13.50,13.10,13.19,13.1750,-0.15,37221,0,52155
01/18/2018,J (Apr 18),13.20,13.52,13.09,13.31,13.3250,0.15,38372,0,52887
01/19/2018,J (Apr 18),13.35,13.44,13.15,13.16,13.1750,-0.15,25819,0,53339
01/22/2018,J (Apr 18),13.27,13.30,13.03,13.12,13.1250,-0.05,17061,0,52924
01/23/2018,J (Apr 18),13.15,13.40,13.05,13.38,13.3750,0.25,24334,0,52508
01/24/2018,J (Apr 18),13.37,13.80,13.25,13.57,13.5750,0.20,35843,0,55907
01/25/2018,J (Apr 18),13.62,13.85,13.42,13.72,13.7250,0.15,25057,0,55695
01/26/2018,J (Apr 18),13.73,13.80,13.55,13.72,13.7250,0.00,20313,0,56449
01/29/2018,J (Apr 18),13.75,14.30,13.69,14.30,14.2750,0.55,38145,0,57662
01/30/2018,J (Apr 18),14.30,14.90,14.28,14.47,14.4750,0.20,59744,0,59202
01/31/2018,J (Apr 18),14.46,14.60,14.05,14.16,14.1750,-0.30,40761,0,58979
02/01/2018,J (Apr 18),14.17,14.44,13.63,13.94,13.9250,-0.25,39537,0,59475
02/02/2018,J (Apr 18),13.92,15.10,13.63,15.07,15.0750,1.15,68540,0,60094
02/05/2018,J (Apr 18),15.10,28.05,14.65,27.85,24.7250,9.65,109584,0,61874
02/06/2018,J (Apr 18),17.20,25.19,17.20,20.16,20.0000,-4.72,121559,0,57382
02/07/2018,J (Apr 18),19.64,19.95,17.74,19.22,19.3500,-0.65,78779,0,60051
02/08/2018,J (Apr 18),19.01,21.50,18.40,20.47,20.4750,1.12,88931,234,61619
02/09/2018,J (Apr 18),20.29,21.75,18.95,19.05,19.0250,-1.45,83048,1174,58704
02/12/2018,J (Apr 18),19.25,19.75,18.58,18.89,18.9000,-0.12,46562,0,60857
02/13/2018,J (Apr 18),18.85,19.72,18.85,18.97,18.9750,0.08,38697,0,59967
02/14/2018,J (Apr 18),18.98,19.75,17.75,17.80,17.7750,-1.20,84865,0,60458
02/15/2018,J (Apr 18),17.85,18.00,17.25,17.30,17.3250,-0.45,70913,0,66445
02/16/2018,J (Apr 18),17.30,17.73,16.92,17.40,17.3750,0.05,63441,0,70873
02/20/2018,J (Apr 18),17.45,18.21,17.05,17.84,17.8250,0.45,56180,0,75945
02/21/2018,J (Apr 18),17.85,18.42,17.10,18.10,18.0750,0.25,74804,0,78221
02/22/2018,J (Apr 18),18.10,18.67,17.53,17.65,17.6250,-0.45,55783,0,79594
02/23/2018,J (Apr 18),17.65,17.75,16.70,16.90,16.9000,-0.72,65905,0,81775
