CFE data is compiled for the convenience of site visitors and is furnished without responsibility for accuracy and is accepted by the site visitor on the condition that transmission or omissions shall not be made the basis for any claim demand or cause for action. Your use of Cboe data is subject to the Terms and Conditions for use of Cboe Websites.
Trade Date,Futures,Open,High,Low,Close,Settle,Change,Total Volume,EFP,Open Interest
04/24/2017,F (Jan 18),0.00,16.65,17.40,0.00,17.0000,17.00,0,0,0
04/25/2017,F (Jan 18),16.40,16.77,16.40,16.76,16.7500,-0.25,90,0,73
04/26/2017,F (Jan 18),16.70,16.91,16.65,16.91,16.8750,0.12,69,0,137
04/27/2017,F (Jan 18),16.90,16.97,16.40,16.97,16.9250,0.05,34,0,164
04/28/2017,F (Jan 18),16.95,17.05,16.90,16.95,16.9250,0.00,36,0,189
05/01/2017,F (Jan 18),16.80,16.85,16.65,16.70,16.7000,-0.22,15,0,191
05/02/2017,F (Jan 18),16.66,16.70,16.60,16.65,16.6500,-0.05,14,0,194
05/03/2017,F (Jan 18),16.70,16.80,16.68,16.75,16.7500,0.10,74,0,252
05/04/2017,F (Jan 18),16.80,16.80,16.65,16.65,16.7000,-0.05,10,0,253
05/05/2017,F (Jan 18),16.70,16.85,16.68,16.85,16.9000,0.20,265,0,496
05/08/2017,F (Jan 18),16.75,16.95,16.75,16.95,16.9500,0.05,444,0,924
05/09/2017,F (Jan 18),16.95,17.00,16.85,16.95,16.9750,0.02,22,0,943
05/10/2017,F (Jan 18),16.95,17.05,16.95,17.05,17.0750,0.10,28,0,962
05/11/2017,F (Jan 18),17.05,17.25,17.05,17.05,17.0500,-0.02,142,0,1056
05/12/2017,F (Jan 18),17.10,17.15,17.05,17.15,17.1750,0.12,233,0,1247
05/15/2017,F (Jan 18),17.12,17.20,17.05,17.17,17.1500,-0.02,125,0,1281
05/16/2017,F (Jan 18),17.15,17.35,17.15,17.23,17.2250,0.08,585,0,1614
05/17/2017,F (Jan 18),17.30,17.92,17.25,17.70,17.7000,0.48,1014,0,2054
05/18/2017,F (Jan 18),17.70,17.85,17.53,17.69,17.6500,-0.05,970,0,2496
05/19/2017,F (Jan 18),17.63,17.65,17.20,17.23,17.2250,-0.42,2016,0,3423
05/22/2017,F (Jan 18),17.22,17.30,17.05,17.08,17.1000,-0.12,883,0,3706
05/23/2017,F (Jan 18),17.05,17.25,17.00,17.19,17.1750,0.08,590,0,4071
05/24/2017,F (Jan 18),17.15,17.32,17.15,17.24,17.2250,0.05,1190,0,4618
05/25/2017,F (Jan 18),17.22,17.37,17.15,17.30,17.3000,0.08,974,0,5122
05/26/2017,F (Jan 18),17.32,17.42,17.25,17.28,17.2750,-0.02,951,0,5455
05/30/2017,F (Jan 18),17.24,17.41,17.05,17.05,17.0500,-0.22,526,0,5688
05/31/2017,F (Jan 18),17.06,17.24,16.95,17.05,17.0500,0.00,508,0,5793
06/01/2017,F (Jan 18),17.00,17.15,16.95,17.01,17.0250,-0.02,1856,0,6456
06/02/2017,F (Jan 18),17.00,17.10,16.97,17.05,17.0000,-0.02,444,0,6510
06/05/2017,F (Jan 18),16.95,17.07,16.93,16.98,17.0000,0.00,301,0,6614
06/06/2017,F (Jan 18),17.00,17.19,16.98,17.15,17.1750,0.18,717,0,6794
06/07/2017,F (Jan 18),17.16,17.29,17.07,17.17,17.1750,0.00,358,0,6848
06/08/2017,F (Jan 18),17.15,17.21,16.99,17.05,17.0250,-0.15,343,0,6924
06/09/2017,F (Jan 18),17.00,17.25,16.92,17.05,17.0250,0.00,977,0,7068
06/12/2017,F (Jan 18),17.05,17.29,16.95,17.01,17.0250,0.00,732,0,7196
06/13/2017,F (Jan 18),17.03,17.05,16.87,16.87,16.8750,-0.15,786,0,7235
06/14/2017,F (Jan 18),16.85,16.94,16.80,16.86,16.8750,0.00,469,0,7502
06/15/2017,F (Jan 18),16.90,17.02,16.85,16.91,16.9250,0.05,650,0,7763
06/16/2017,F (Jan 18),16.89,17.00,16.72,16.75,16.7750,-0.15,2216,0,6920
06/19/2017,F (Jan 18),16.70,16.70,16.45,16.67,16.6500,-0.12,1766,0,7202
06/20/2017,F (Jan 18),16.60,16.77,16.50,16.55,16.5250,-0.12,1154,0,7618
06/21/2017,F (Jan 18),16.55,16.60,16.42,16.57,16.5750,0.05,2427,0,8612
06/22/2017,F (Jan 18),16.55,16.60,16.45,16.56,16.5750,0.00,2753,0,8793
06/23/2017,F (Jan 18),16.55,16.60,16.44,16.50,16.5250,-0.05,1467,0,8975
06/26/2017,F (Jan 18),16.50,16.50,16.23,16.28,16.2750,-0.25,2744,0,9543
06/27/2017,F (Jan 18),16.25,16.39,16.15,16.23,16.2250,-0.05,3782,0,10583
06/28/2017,F (Jan 18),16.17,16.25,16.05,16.18,16.1750,-0.05,2165,0,10827
06/29/2017,F (Jan 18),16.20,16.81,16.12,16.22,16.2250,0.05,3631,0,11889
06/30/2017,F (Jan 18),16.17,16.35,16.14,16.23,16.2250,0.00,2350,0,12139
07/03/2017,F (Jan 18),16.20,16.42,15.95,16.35,16.4000,0.18,3151,0,11651
07/05/2017,F (Jan 18),16.40,16.48,16.25,16.35,16.3250,-0.08,2702,0,12036
07/06/2017,F (Jan 18),16.36,16.65,16.25,16.57,16.5750,0.25,4249,0,12394
07/07/2017,F (Jan 18),16.53,16.55,16.44,16.50,16.5250,-0.05,3055,0,12831
07/10/2017,F (Jan 18),16.52,16.55,16.20,16.30,16.2750,-0.25,1770,0,13412
07/11/2017,F (Jan 18),16.25,16.47,16.10,16.12,16.1250,-0.15,2772,0,14367
07/12/2017,F (Jan 18),16.15,16.15,15.88,15.93,15.9250,-0.20,3083,0,14766
07/13/2017,F (Jan 18),15.93,15.95,15.75,15.85,15.8750,-0.05,3972,0,16053
07/14/2017,F (Jan 18),15.85,15.90,15.55,15.55,15.5500,-0.32,2876,0,16407
07/17/2017,F (Jan 18),15.60,15.60,15.46,15.54,15.5250,-0.02,3123,0,17046
07/18/2017,F (Jan 18),15.55,15.75,15.53,15.61,15.6250,0.10,2861,0,17593
07/19/2017,F (Jan 18),15.65,15.68,15.42,15.62,15.6250,0.00,7457,0,19953
07/20/2017,F (Jan 18),15.62,15.68,15.55,15.55,15.5750,-0.05,2831,0,20785
07/21/2017,F (Jan 18),15.55,15.80,15.49,15.50,15.5000,-0.08,6689,0,23208
07/24/2017,F (Jan 18),15.53,15.56,15.30,15.30,15.3250,-0.18,2920,0,23927
07/25/2017,F (Jan 18),15.35,15.35,15.18,15.30,15.3250,0.00,2773,0,24592
07/26/2017,F (Jan 18),15.35,15.35,15.12,15.25,15.2250,-0.10,2828,0,25360
07/27/2017,F (Jan 18),15.25,15.48,15.05,15.05,15.1000,-0.12,5855,0,25575
07/28/2017,F (Jan 18),15.10,15.27,15.05,15.12,15.1250,0.02,4132,0,26016
07/31/2017,F (Jan 18),15.20,15.25,15.00,15.00,15.0250,-0.10,2316,0,25709
08/01/2017,F (Jan 18),15.04,15.05,14.80,14.82,14.8250,-0.20,5120,0,26674
08/02/2017,F (Jan 18),14.80,15.02,14.69,14.97,14.9750,0.15,5004,0,27369
08/03/2017,F (Jan 18),15.00,15.20,14.98,15.11,15.1250,0.15,2758,0,27514
08/04/2017,F (Jan 18),15.12,15.30,15.05,15.27,15.2500,0.12,4230,0,28703
08/07/2017,F (Jan 18),15.26,15.30,15.15,15.18,15.1750,-0.08,2742,0,29118
08/08/2017,F (Jan 18),15.15,15.65,15.10,15.47,15.4750,0.30,8279,0,30057
08/09/2017,F (Jan 18),15.51,15.80,15.35,15.55,15.5750,0.10,8518,0,30238
08/10/2017,F (Jan 18),15.58,16.53,15.55,16.50,16.5000,0.92,10522,0,30361
08/11/2017,F (Jan 18),16.45,16.77,16.05,16.75,16.7250,0.22,11774,0,31169
08/14/2017,F (Jan 18),16.69,16.70,15.55,15.60,15.5750,-1.15,6927,0,31560
08/15/2017,F (Jan 18),15.60,15.70,15.30,15.70,15.6750,0.10,6503,0,33100
08/16/2017,F (Jan 18),15.64,15.67,15.35,15.50,15.5250,-0.15,6872,0,32898
08/17/2017,F (Jan 18),15.52,16.42,15.45,16.15,16.1250,0.60,15512,0,32628
08/18/2017,F (Jan 18),16.15,16.35,15.77,16.30,16.2750,0.15,11883,0,33652
08/21/2017,F (Jan 18),16.25,16.35,15.95,15.98,15.9750,-0.30,6491,0,34526
08/22/2017,F (Jan 18),15.95,15.99,15.42,15.43,15.4250,-0.55,6837,0,34596
08/23/2017,F (Jan 18),15.45,15.84,15.35,15.78,15.7750,0.35,9305,0,34986
08/24/2017,F (Jan 18),15.80,15.95,15.50,15.72,15.7250,-0.05,7315,0,35615
08/25/2017,F (Jan 18),15.75,15.83,15.57,15.65,15.6500,-0.08,6587,0,36032
08/28/2017,F (Jan 18),15.64,15.90,15.53,15.60,15.5750,-0.08,6807,0,36282
08/29/2017,F (Jan 18),15.55,16.27,15.53,15.67,15.6750,0.10,8548,0,36907
08/30/2017,F (Jan 18),15.70,15.75,15.55,15.71,15.7250,0.05,3940,0,36806
08/31/2017,F (Jan 18),15.75,15.80,15.50,15.53,15.5250,-0.20,7289,0,38123
09/01/2017,F (Jan 18),15.50,15.60,15.43,15.50,15.5250,0.00,4531,0,38109
09/05/2017,F (Jan 18),16.00,16.15,15.63,15.64,15.6250,0.10,9982,0,39416
09/06/2017,F (Jan 18),15.67,16.00,15.60,15.90,15.9250,0.30,8095,0,40949
09/07/2017,F (Jan 18),15.95,16.10,15.85,15.98,15.9750,0.05,7216,0,41453
09/08/2017,F (Jan 18),15.97,16.25,15.92,16.10,16.1250,0.15,6244,0,41493
09/11/2017,F (Jan 18),16.05,16.05,15.75,15.81,15.8250,-0.30,8897,0,40873
09/12/2017,F (Jan 18),15.80,15.85,15.55,15.59,15.5750,-0.25,8580,0,41017
09/13/2017,F (Jan 18),15.55,15.65,15.30,15.35,15.3250,-0.25,9239,0,40645
09/14/2017,F (Jan 18),15.30,15.49,15.17,15.39,15.3750,0.05,6927,0,40622
09/15/2017,F (Jan 18),15.42,15.59,15.25,15.32,15.3250,-0.05,5758,0,41625
09/18/2017,F (Jan 18),15.30,15.32,14.85,14.97,14.9750,-0.35,12602,0,42472
09/19/2017,F (Jan 18),14.95,15.18,14.85,15.12,15.1250,0.15,19949,0,46997
09/20/2017,F (Jan 18),15.15,15.23,14.90,14.98,14.9750,-0.15,14527,0,47869
09/21/2017,F (Jan 18),15.00,15.05,14.85,15.00,15.0250,0.05,11512,0,47983
09/22/2017,F (Jan 18),15.03,15.30,15.00,15.18,15.1750,0.15,8995,0,48225
09/25/2017,F (Jan 18),15.17,15.44,15.05,15.12,15.1250,-0.05,11548,0,48240
09/26/2017,F (Jan 18),15.10,15.20,14.90,14.95,14.9750,-0.15,6334,0,47945
09/27/2017,F (Jan 18),14.95,15.05,14.85,14.99,14.9750,0.00,8456,0,48462
09/28/2017,F (Jan 18),15.00,15.02,14.85,14.85,14.8750,-0.10,8933,0,49654
09/29/2017,F (Jan 18),14.89,14.97,14.70,14.77,14.7750,-0.10,9334,0,49873
10/02/2017,F (Jan 18),14.80,14.80,14.48,14.53,14.5250,-0.25,7584,0,50314
10/03/2017,F (Jan 18),14.54,14.54,14.37,14.50,14.4750,-0.05,11204,0,51066
10/04/2017,F (Jan 18),14.50,14.55,14.45,14.47,14.4750,0.00,8478,0,50796
10/05/2017,F (Jan 18),14.46,14.50,14.20,14.20,14.2250,-0.25,7061,0,52316
10/06/2017,F (Jan 18),14.22,14.45,14.20,14.30,14.3250,0.10,8431,0,52706
10/09/2017,F (Jan 18),14.35,14.55,14.22,14.40,14.4250,0.10,8089,0,53308
10/10/2017,F (Jan 18),14.42,14.53,14.25,14.25,14.2750,-0.15,12644,0,53126
10/11/2017,F (Jan 18),14.25,14.33,14.00,14.10,14.0750,-0.20,14555,88,53128
10/12/2017,F (Jan 18),14.08,14.18,13.90,14.06,14.0750,0.00,13187,0,52370
10/13/2017,F (Jan 18),14.05,14.07,13.75,13.85,13.8750,-0.20,19633,0,55693
10/16/2017,F (Jan 18),13.88,13.88,13.60,13.63,13.6250,-0.25,18114,0,58729
10/17/2017,F (Jan 18),13.60,13.70,13.50,13.60,13.6250,0.00,27261,0,62846
10/18/2017,F (Jan 18),13.65,13.65,13.40,13.55,13.5250,-0.10,21749,0,63515
10/19/2017,F (Jan 18),13.50,14.08,13.35,13.40,13.3750,-0.15,24549,0,62950
10/20/2017,F (Jan 18),13.40,13.43,13.20,13.27,13.2750,-0.10,14391,0,64919
10/23/2017,F (Jan 18),13.30,13.65,13.20,13.64,13.6250,0.35,20399,0,65557
10/24/2017,F (Jan 18),13.60,13.65,13.35,13.59,13.5750,-0.05,27567,0,67655
10/25/2017,F (Jan 18),13.60,14.30,13.50,13.66,13.6750,0.10,48905,0,71756
10/26/2017,F (Jan 18),13.70,13.81,13.55,13.72,13.7250,0.05,25444,0,76299
10/27/2017,F (Jan 18),13.68,13.75,13.25,13.35,13.3250,-0.40,28638,0,76504
10/30/2017,F (Jan 18),13.34,13.53,13.20,13.37,13.3750,0.05,28118,0,81089
10/31/2017,F (Jan 18),13.35,13.40,13.18,13.27,13.2250,-0.15,22702,0,82291
11/01/2017,F (Jan 18),13.20,13.40,13.10,13.32,13.3250,0.10,27881,0,86308
11/02/2017,F (Jan 18),13.33,13.60,13.25,13.40,13.4250,0.10,27804,0,86753
11/03/2017,F (Jan 18),13.40,13.50,13.25,13.49,13.4750,0.05,24235,0,85516
11/06/2017,F (Jan 18),13.50,13.70,13.34,13.35,13.3750,-0.10,28243,0,90271
11/07/2017,F (Jan 18),13.37,13.62,13.30,13.48,13.4750,0.10,48833,0,94002
11/08/2017,F (Jan 18),13.45,13.68,13.30,13.49,13.4750,0.00,37921,0,100733
11/09/2017,F (Jan 18),13.50,14.09,13.42,13.50,13.5250,0.05,83261,0,113726
11/10/2017,F (Jan 18),13.55,13.95,13.52,13.81,13.8250,0.30,43066,0,110932
11/13/2017,F (Jan 18),13.80,14.10,13.65,13.92,13.9250,0.10,37120,0,111504
11/14/2017,F (Jan 18),13.92,14.30,13.90,13.99,14.0000,0.08,61539,0,111035
11/15/2017,F (Jan 18),14.03,14.70,14.00,14.33,14.3250,0.32,96051,0,118596
11/16/2017,F (Jan 18),14.35,14.43,13.80,13.95,13.9750,-0.35,73272,0,128394
11/17/2017,F (Jan 18),13.95,14.04,13.70,13.85,13.8750,-0.10,64213,0,136667
11/20/2017,F (Jan 18),13.90,14.05,13.35,13.40,13.4250,-0.45,60241,0,146774
11/21/2017,F (Jan 18),13.45,13.45,12.90,12.95,12.9750,-0.45,62032,0,157319
11/22/2017,F (Jan 18),13.00,13.03,12.80,12.85,12.8750,-0.10,57491,0,165325
11/24/2017,F (Jan 18),12.90,13.06,12.75,12.83,12.8250,-0.05,38311,0,172415
11/27/2017,F (Jan 18),12.85,13.00,12.75,12.86,12.8750,0.05,51585,0,173770
11/28/2017,F (Jan 18),12.85,12.95,12.70,12.70,12.7250,-0.15,74668,0,181318
11/29/2017,F (Jan 18),12.75,13.05,12.70,12.94,12.9250,0.20,85672,0,187953
11/30/2017,F (Jan 18),12.90,13.10,12.75,13.05,13.0250,0.10,102825,0,198227
12/01/2017,F (Jan 18),13.00,14.28,12.95,13.30,13.2750,0.25,239834,0,206973
12/04/2017,F (Jan 18),13.10,13.30,12.65,13.20,13.2250,-0.05,143389,0,219926
12/05/2017,F (Jan 18),13.25,13.30,12.80,13.17,13.1750,-0.05,110064,0,230014
12/06/2017,F (Jan 18),13.15,13.40,13.00,13.06,13.0750,-0.10,90266,0,238220
12/07/2017,F (Jan 18),13.10,13.11,12.65,12.66,12.6750,-0.40,98682,127,247668
12/08/2017,F (Jan 18),12.67,12.70,12.30,12.30,12.3250,-0.35,122137,0,268498
12/11/2017,F (Jan 18),12.30,12.39,11.90,11.96,11.9750,-0.35,91276,0,281415
12/12/2017,F (Jan 18),11.95,12.05,11.85,11.95,11.9750,0.00,89052,854,296364
12/13/2017,F (Jan 18),11.97,12.20,11.85,11.98,11.9750,0.00,91362,796,314303
12/14/2017,F (Jan 18),11.97,12.10,11.80,11.85,11.8750,-0.10,105583,0,314074
12/15/2017,F (Jan 18),11.90,11.97,11.40,11.45,11.4750,-0.40,122222,0,314011
12/18/2017,F (Jan 18),11.45,11.55,11.20,11.33,11.3250,-0.15,127770,1076,334068
12/19/2017,F (Jan 18),11.30,11.55,11.25,11.30,11.3250,0.00,122058,0,348344
12/20/2017,F (Jan 18),11.34,11.45,11.10,11.43,11.4250,0.10,132406,0,334822
12/21/2017,F (Jan 18),11.43,11.50,11.20,11.20,11.2250,-0.20,110003,0,318797
12/22/2017,F (Jan 18),11.25,11.45,11.15,11.40,11.4250,0.20,99881,528,299874
12/26/2017,F (Jan 18),11.40,11.50,11.20,11.33,11.3250,-0.10,66608,0,290364
12/27/2017,F (Jan 18),11.35,11.45,11.15,11.33,11.3250,0.00,84562,0,279922
12/28/2017,F (Jan 18),11.35,11.40,11.15,11.24,11.2250,-0.10,59185,0,271642
12/29/2017,F (Jan 18),11.24,11.60,11.10,11.45,11.4750,0.25,87608,378,263749
01/02/2018,F (Jan 18),11.45,11.60,10.85,10.90,10.8750,-0.60,112066,0,252783
01/03/2018,F (Jan 18),10.90,10.90,10.60,10.70,10.6750,-0.20,116783,0,245691
01/04/2018,F (Jan 18),10.69,10.80,10.50,10.60,10.5750,-0.10,103955,0,242601
01/05/2018,F (Jan 18),10.58,10.70,10.40,10.50,10.4750,-0.10,81336,0,225419
01/08/2018,F (Jan 18),10.55,10.65,10.40,10.49,10.4750,0.00,79055,0,190494
01/09/2018,F (Jan 18),10.49,10.70,10.35,10.69,10.6750,0.20,132392,186,168671
01/10/2018,F (Jan 18),10.70,11.05,10.50,10.60,10.5750,-0.10,132098,0,152658
01/11/2018,F (Jan 18),10.58,10.65,10.45,10.50,10.4750,-0.10,86708,0,134550
01/12/2018,F (Jan 18),10.50,10.85,10.40,10.60,10.5750,0.10,151338,0,96060
01/16/2018,F (Jan 18),10.60,12.25,10.35,11.77,11.7750,1.20,174822,18,58182
01/17/2018,F (Jan 18),11.80,11.95,11.40,11.95,12.6100,0.84,8948,0,50946
