CFE data is compiled for the convenience of site visitors and is furnished without responsibility for accuracy and is accepted by the site visitor on the condition that transmission or omissions shall not be made the basis for any claim demand or cause for action. Your use of Cboe data is subject to the Terms and Conditions for use of Cboe Websites.
Trade Date,Futures,Open,High,Low,Close,Settle,Change,Total Volume,EFP,Open Interest
05/22/2017,G (Feb 18),0.00,17.10,18.00,0.00,17.5500,17.55,0,0,0
05/23/2017,G (Feb 18),17.10,17.43,17.10,17.43,17.4250,-0.12,83,0,70
05/24/2017,G (Feb 18),17.45,17.60,17.41,17.45,17.4000,-0.02,90,0,148
05/25/2017,G (Feb 18),17.45,17.55,17.45,17.54,17.5000,0.10,88,0,202
05/26/2017,G (Feb 18),17.63,17.63,17.50,17.54,17.4750,-0.02,98,0,260
05/30/2017,G (Feb 18),17.49,17.60,17.40,17.40,17.3750,-0.10,29,0,271
05/31/2017,G (Feb 18),17.30,17.40,17.30,17.30,17.3750,0.00,30,0,297
06/01/2017,G (Feb 18),17.30,17.38,17.30,17.35,17.3250,-0.05,36,0,319
06/02/2017,G (Feb 18),17.35,17.40,17.34,17.35,17.3250,0.00,59,0,372
06/05/2017,G (Feb 18),17.30,17.30,17.23,17.28,17.2500,-0.08,47,0,395
06/06/2017,G (Feb 18),17.30,17.41,17.30,17.40,17.3750,0.12,158,0,496
06/07/2017,G (Feb 18),17.45,17.55,17.38,17.45,17.4250,0.05,104,0,546
06/08/2017,G (Feb 18),17.45,17.45,17.30,17.33,17.3250,-0.10,63,0,568
06/09/2017,G (Feb 18),17.30,17.56,17.25,17.35,17.3750,0.05,48,0,565
06/12/2017,G (Feb 18),17.35,17.50,17.30,17.44,17.3750,0.00,28,0,576
06/13/2017,G (Feb 18),17.35,17.37,17.23,17.23,17.2250,-0.15,174,0,559
06/14/2017,G (Feb 18),17.20,17.25,17.20,17.25,17.2000,-0.02,10,0,556
06/15/2017,G (Feb 18),17.25,17.30,17.20,17.25,17.2750,0.08,17,0,563
06/16/2017,G (Feb 18),17.20,17.25,17.12,17.12,17.1500,-0.12,89,0,591
06/19/2017,G (Feb 18),17.10,17.10,16.90,16.92,17.0250,-0.12,282,0,697
06/20/2017,G (Feb 18),16.95,17.13,16.90,16.96,16.9500,-0.08,100,0,739
06/21/2017,G (Feb 18),17.00,17.00,16.85,16.97,16.9500,0.00,292,0,873
06/22/2017,G (Feb 18),16.95,17.00,16.88,16.97,16.9500,0.00,590,0,1157
06/23/2017,G (Feb 18),16.95,17.00,16.85,16.87,16.8750,-0.08,361,0,1322
06/26/2017,G (Feb 18),16.80,16.90,16.65,16.65,16.6750,-0.20,421,0,1526
06/27/2017,G (Feb 18),16.70,16.82,16.60,16.67,16.6750,0.00,395,0,1672
06/28/2017,G (Feb 18),16.62,16.70,16.53,16.63,16.6500,-0.02,374,0,1731
06/29/2017,G (Feb 18),16.60,17.23,16.57,16.70,16.6750,0.02,771,0,1931
06/30/2017,G (Feb 18),16.70,16.80,16.60,16.68,16.7000,0.02,323,0,2044
07/03/2017,G (Feb 18),16.60,16.87,16.43,16.83,16.8500,0.15,691,0,2327
07/05/2017,G (Feb 18),16.86,16.89,16.68,16.77,16.7750,-0.08,862,0,2740
07/06/2017,G (Feb 18),16.80,17.07,16.70,16.96,16.9500,0.18,1125,0,3111
07/07/2017,G (Feb 18),16.90,16.98,16.85,16.92,16.9250,-0.02,907,0,3602
07/10/2017,G (Feb 18),16.85,16.91,16.65,16.69,16.6750,-0.25,384,0,3793
07/11/2017,G (Feb 18),16.65,16.89,16.57,16.57,16.5750,-0.10,736,0,4123
07/12/2017,G (Feb 18),16.55,16.55,16.35,16.39,16.4000,-0.18,1176,0,4821
07/13/2017,G (Feb 18),16.38,16.40,16.23,16.30,16.3250,-0.08,616,0,5067
07/14/2017,G (Feb 18),16.30,16.33,16.00,16.00,16.0250,-0.30,698,0,5325
07/17/2017,G (Feb 18),16.04,16.06,15.95,16.02,16.0500,0.02,1087,0,5886
07/18/2017,G (Feb 18),16.03,16.20,16.02,16.09,16.0750,0.02,1237,0,6529
07/19/2017,G (Feb 18),16.05,16.15,15.92,16.09,16.0750,0.00,2862,0,7482
07/20/2017,G (Feb 18),16.05,16.15,16.02,16.05,16.0250,-0.05,1839,0,8164
07/21/2017,G (Feb 18),16.10,16.20,15.94,15.95,15.9250,-0.10,3563,0,9588
07/24/2017,G (Feb 18),16.00,16.00,15.72,15.73,15.7250,-0.20,1816,0,9931
07/25/2017,G (Feb 18),15.76,15.76,15.60,15.69,15.6750,-0.05,2303,0,10781
07/26/2017,G (Feb 18),15.70,15.75,15.48,15.58,15.5750,-0.10,3102,0,11273
07/27/2017,G (Feb 18),15.60,15.79,15.40,15.43,15.4250,-0.15,4345,0,11604
07/28/2017,G (Feb 18),15.45,15.60,15.40,15.45,15.4250,0.00,3369,0,11727
07/31/2017,G (Feb 18),15.50,15.55,15.38,15.40,15.3750,-0.05,2286,0,11818
08/01/2017,G (Feb 18),15.40,15.41,15.15,15.15,15.1750,-0.20,2189,0,12219
08/02/2017,G (Feb 18),15.15,15.40,15.05,15.31,15.3250,0.15,5452,0,13727
08/03/2017,G (Feb 18),15.35,15.55,15.33,15.44,15.4250,0.10,3874,0,14897
08/04/2017,G (Feb 18),15.45,15.65,15.40,15.58,15.6000,0.18,4412,0,16414
08/07/2017,G (Feb 18),15.60,15.62,15.50,15.55,15.5250,-0.08,1899,0,17213
08/08/2017,G (Feb 18),15.60,15.90,15.50,15.78,15.7750,0.25,4376,0,18235
08/09/2017,G (Feb 18),15.75,16.05,15.67,15.87,15.8750,0.10,4701,0,18745
08/10/2017,G (Feb 18),15.88,16.72,15.85,16.72,16.6750,0.80,5732,0,19220
08/11/2017,G (Feb 18),16.65,16.93,16.25,16.91,16.9250,0.25,5722,0,19945
08/14/2017,G (Feb 18),16.86,16.86,15.84,15.84,15.8250,-1.10,5302,0,21514
08/15/2017,G (Feb 18),15.85,15.96,15.62,15.95,15.9250,0.10,3253,0,22148
08/16/2017,G (Feb 18),15.90,15.93,15.65,15.79,15.8250,-0.10,5030,0,22776
08/17/2017,G (Feb 18),15.85,16.67,15.75,16.39,16.3750,0.55,9734,0,24209
08/18/2017,G (Feb 18),16.40,16.58,16.05,16.52,16.5250,0.15,5722,0,24127
08/21/2017,G (Feb 18),16.50,16.58,16.20,16.22,16.2250,-0.30,3099,0,24371
08/22/2017,G (Feb 18),16.20,16.23,15.68,15.68,15.6750,-0.55,2995,0,24402
08/23/2017,G (Feb 18),15.70,16.05,15.63,16.03,16.0250,0.35,3515,0,24462
08/24/2017,G (Feb 18),16.05,16.18,15.78,15.98,15.9750,-0.05,3268,0,24431
08/25/2017,G (Feb 18),15.95,16.08,15.85,15.91,15.9500,-0.02,1853,0,24247
08/28/2017,G (Feb 18),15.92,16.10,15.82,15.87,15.8750,-0.08,2611,0,23772
08/29/2017,G (Feb 18),15.86,16.51,15.84,15.95,15.9750,0.10,3123,0,23823
08/30/2017,G (Feb 18),15.97,16.05,15.85,16.00,16.0250,0.05,1230,0,23727
08/31/2017,G (Feb 18),16.05,16.10,15.80,15.84,15.8250,-0.20,2693,0,23799
09/01/2017,G (Feb 18),15.83,15.90,15.75,15.85,15.8250,0.00,2571,0,23870
09/05/2017,G (Feb 18),15.90,17.35,15.90,15.95,15.9250,0.10,4490,0,24317
09/06/2017,G (Feb 18),15.93,16.25,15.90,16.20,16.2250,0.30,4025,0,25244
09/07/2017,G (Feb 18),16.24,16.35,16.08,16.19,16.1750,-0.05,5936,0,25734
09/08/2017,G (Feb 18),16.19,16.45,16.19,16.34,16.3250,0.15,2827,0,25779
09/11/2017,G (Feb 18),16.25,16.25,16.00,16.00,16.0250,-0.30,5465,0,25782
09/12/2017,G (Feb 18),16.03,16.14,15.80,15.80,15.8250,-0.20,6116,0,26072
09/13/2017,G (Feb 18),15.80,15.95,15.60,15.65,15.6250,-0.20,5077,0,26567
09/14/2017,G (Feb 18),15.60,15.75,15.48,15.71,15.7250,0.10,3713,0,27030
09/15/2017,G (Feb 18),15.72,15.89,15.60,15.67,15.6500,-0.08,2469,0,27526
09/18/2017,G (Feb 18),15.61,15.65,15.25,15.33,15.3250,-0.32,8807,0,29544
09/19/2017,G (Feb 18),15.32,15.53,15.25,15.50,15.4750,0.15,9444,0,30723
09/20/2017,G (Feb 18),15.45,15.57,15.30,15.34,15.3250,-0.15,9532,0,31127
09/21/2017,G (Feb 18),15.40,15.40,15.25,15.38,15.3750,0.05,7116,0,30745
09/22/2017,G (Feb 18),15.40,15.62,15.37,15.58,15.5750,0.20,3713,0,30662
09/25/2017,G (Feb 18),15.53,15.78,15.43,15.45,15.4750,-0.10,6028,0,30891
09/26/2017,G (Feb 18),15.50,15.58,15.30,15.40,15.3750,-0.10,3242,0,31006
09/27/2017,G (Feb 18),15.35,15.45,15.23,15.35,15.3750,0.00,3979,0,31033
09/28/2017,G (Feb 18),15.40,15.40,15.27,15.35,15.3250,-0.05,2420,0,31318
09/29/2017,G (Feb 18),15.30,15.38,15.15,15.18,15.2250,-0.10,4160,0,31244
10/02/2017,G (Feb 18),15.15,15.20,14.90,14.90,14.9250,-0.30,5042,0,31880
10/03/2017,G (Feb 18),14.93,14.96,14.80,14.90,14.8750,-0.05,5316,0,32434
10/04/2017,G (Feb 18),14.90,14.95,14.85,14.87,14.8750,0.00,3748,0,32497
10/05/2017,G (Feb 18),14.87,14.90,14.63,14.67,14.6750,-0.20,3529,0,32742
10/06/2017,G (Feb 18),14.62,14.85,14.60,14.75,14.7250,0.05,5408,0,31899
10/09/2017,G (Feb 18),14.72,14.95,14.65,14.85,14.8750,0.15,4920,0,32217
10/10/2017,G (Feb 18),14.85,14.97,14.70,14.70,14.7250,-0.15,6453,0,32344
10/11/2017,G (Feb 18),14.70,14.80,14.55,14.60,14.6250,-0.10,5967,0,32659
10/12/2017,G (Feb 18),14.60,14.68,14.45,14.63,14.6250,0.00,8208,0,33520
10/13/2017,G (Feb 18),14.62,14.62,14.30,14.40,14.4250,-0.20,9262,0,33470
10/16/2017,G (Feb 18),14.44,14.45,14.20,14.20,14.2250,-0.20,8114,0,33988
10/17/2017,G (Feb 18),14.20,14.33,14.15,14.20,14.2250,0.00,12799,0,33013
10/18/2017,G (Feb 18),14.20,14.25,14.00,14.23,14.2250,0.00,10933,0,32011
10/19/2017,G (Feb 18),14.20,14.69,14.08,14.10,14.0750,-0.15,13904,0,31379
10/20/2017,G (Feb 18),14.13,14.13,13.92,14.05,14.0000,-0.08,7651,0,30048
10/23/2017,G (Feb 18),14.00,14.30,13.90,14.28,14.2750,0.28,9521,0,29569
10/24/2017,G (Feb 18),14.25,14.30,14.00,14.25,14.2250,-0.05,11191,0,30013
10/25/2017,G (Feb 18),14.25,14.85,14.20,14.30,14.2750,0.05,20937,0,30434
10/26/2017,G (Feb 18),14.32,14.45,14.20,14.35,14.3250,0.05,11019,0,30397
10/27/2017,G (Feb 18),14.30,14.37,13.90,13.95,13.9250,-0.40,14279,0,30681
10/30/2017,G (Feb 18),13.91,14.13,13.80,13.98,13.9750,0.05,14597,0,33060
10/31/2017,G (Feb 18),13.95,13.98,13.78,13.85,13.8250,-0.15,12093,0,35706
11/01/2017,G (Feb 18),13.84,14.00,13.70,13.94,13.9250,0.10,16870,0,38762
11/02/2017,G (Feb 18),13.95,14.20,13.85,14.05,14.0250,0.10,14613,0,37498
11/03/2017,G (Feb 18),14.05,14.15,13.85,14.12,14.1250,0.10,11390,0,37311
11/06/2017,G (Feb 18),14.15,14.30,14.00,14.03,14.0250,-0.10,9418,0,37973
11/07/2017,G (Feb 18),14.07,14.28,14.00,14.15,14.1500,0.12,20612,0,37927
11/08/2017,G (Feb 18),14.15,14.35,14.05,14.20,14.2000,0.05,12131,0,38214
11/09/2017,G (Feb 18),14.20,14.78,14.15,14.30,14.2750,0.08,38326,0,48761
11/10/2017,G (Feb 18),14.30,14.70,14.30,14.57,14.5750,0.30,26046,136,48360
11/13/2017,G (Feb 18),14.60,14.85,14.45,14.70,14.7250,0.15,16717,0,48672
11/14/2017,G (Feb 18),14.73,15.10,14.70,14.83,14.8250,0.10,30023,0,49773
11/15/2017,G (Feb 18),14.87,15.45,14.85,15.09,15.0750,0.25,33977,0,50852
11/16/2017,G (Feb 18),15.10,15.18,14.60,14.80,14.7750,-0.30,23455,0,52368
11/17/2017,G (Feb 18),14.75,14.84,14.55,14.70,14.7000,-0.08,23564,0,52446
11/20/2017,G (Feb 18),14.70,14.82,14.20,14.25,14.2250,-0.48,22317,0,53966
11/21/2017,G (Feb 18),14.25,14.29,13.85,13.85,13.8750,-0.35,22353,0,53920
11/22/2017,G (Feb 18),13.90,13.95,13.75,13.85,13.8250,-0.05,27032,0,53195
11/24/2017,G (Feb 18),13.82,13.96,13.70,13.70,13.7500,-0.08,14967,0,54934
11/27/2017,G (Feb 18),13.75,13.90,13.68,13.80,13.7750,0.02,17764,0,58037
11/28/2017,G (Feb 18),13.75,13.85,13.65,13.65,13.6750,-0.10,27062,0,59480
11/29/2017,G (Feb 18),13.70,14.00,13.65,13.93,13.9250,0.25,27709,0,59047
11/30/2017,G (Feb 18),13.91,13.98,13.70,13.90,13.9250,0.00,35347,0,58644
12/01/2017,G (Feb 18),13.93,15.00,13.90,14.13,14.1250,0.20,73779,0,54036
12/04/2017,G (Feb 18),14.05,14.13,13.60,14.05,14.0750,-0.05,38789,0,57532
12/05/2017,G (Feb 18),14.09,14.15,13.73,13.99,13.9750,-0.10,35948,0,59168
12/06/2017,G (Feb 18),14.00,14.15,13.90,13.92,13.9250,-0.05,22328,0,60649
12/07/2017,G (Feb 18),13.90,13.97,13.55,13.55,13.5750,-0.35,23022,0,63628
12/08/2017,G (Feb 18),13.60,13.60,13.25,13.33,13.3250,-0.25,28301,0,66163
12/11/2017,G (Feb 18),13.28,13.38,13.00,13.03,13.0250,-0.30,23454,0,65102
12/12/2017,G (Feb 18),13.02,13.10,12.95,13.02,13.0250,0.00,37966,0,67512
12/13/2017,G (Feb 18),13.03,13.15,12.80,12.93,12.9250,-0.10,50919,0,81710
12/14/2017,G (Feb 18),12.90,13.03,12.75,12.85,12.8750,-0.05,38382,0,86883
12/15/2017,G (Feb 18),12.85,12.90,12.45,12.45,12.4750,-0.40,41802,0,88539
12/18/2017,G (Feb 18),12.50,12.50,12.15,12.25,12.2500,-0.22,55038,0,98827
12/19/2017,G (Feb 18),12.25,12.45,12.20,12.20,12.2250,-0.02,41824,1000,96219
12/20/2017,G (Feb 18),12.22,12.35,12.10,12.33,12.3250,0.10,63168,0,104626
12/21/2017,G (Feb 18),12.30,12.33,12.13,12.25,12.2250,-0.10,48604,0,111121
12/22/2017,G (Feb 18),12.20,12.35,12.10,12.35,12.3250,0.10,50048,70,116995
12/26/2017,G (Feb 18),12.35,12.40,12.15,12.32,12.3250,0.00,41558,0,122828
12/27/2017,G (Feb 18),12.35,12.40,12.10,12.32,12.3250,0.00,50535,0,129118
12/28/2017,G (Feb 18),12.32,12.35,12.20,12.27,12.2750,-0.05,35258,0,134641
12/29/2017,G (Feb 18),12.27,12.55,12.15,12.49,12.4750,0.20,52614,206,141696
01/02/2018,G (Feb 18),12.45,12.50,11.95,12.00,11.9750,-0.50,84726,0,154618
01/03/2018,G (Feb 18),11.98,12.00,11.70,11.85,11.8250,-0.15,83938,0,174115
01/04/2018,G (Feb 18),11.85,11.90,11.60,11.85,11.8250,0.00,81072,0,191241
01/05/2018,G (Feb 18),11.82,11.90,11.70,11.75,11.7250,-0.10,78207,0,208066
01/08/2018,G (Feb 18),11.75,11.85,11.50,11.66,11.6750,-0.05,71908,0,221026
01/09/2018,G (Feb 18),11.67,11.80,11.55,11.76,11.7750,0.10,104598,447,248005
01/10/2018,G (Feb 18),11.80,12.05,11.55,11.55,11.5750,-0.20,124593,0,268741
01/11/2018,G (Feb 18),11.57,11.60,11.45,11.56,11.5750,0.00,90043,0,291973
01/12/2018,G (Feb 18),11.55,11.70,11.45,11.67,11.6750,0.10,178708,0,331017
01/16/2018,G (Feb 18),11.80,12.38,11.45,12.10,12.0750,0.40,275227,290,363217
01/17/2018,G (Feb 18),12.05,12.45,11.70,12.10,12.1250,0.05,224603,80,365819
01/18/2018,G (Feb 18),12.10,12.45,11.80,12.09,12.0750,-0.05,222141,0,365675
01/19/2018,G (Feb 18),12.10,12.25,11.85,11.93,11.9250,-0.15,168907,3514,352626
01/22/2018,G (Feb 18),12.05,12.20,11.55,11.85,11.8250,-0.10,133946,0,345718
01/23/2018,G (Feb 18),11.75,12.05,11.70,12.00,11.9750,0.15,137427,1743,342798
01/24/2018,G (Feb 18),12.00,12.60,11.85,12.25,12.2250,0.25,223595,1312,332147
01/25/2018,G (Feb 18),12.25,12.70,12.05,12.41,12.4250,0.20,151333,1390,315928
01/26/2018,G (Feb 18),12.45,12.55,12.20,12.30,12.3250,-0.10,128186,2731,301691
01/29/2018,G (Feb 18),12.35,13.60,12.30,13.55,13.5250,1.20,246103,2107,298799
01/30/2018,G (Feb 18),13.55,14.66,13.50,13.95,13.9750,0.45,350331,5376,274058
01/31/2018,G (Feb 18),13.95,14.09,13.33,13.45,13.4750,-0.50,196456,921,257406
02/01/2018,G (Feb 18),13.50,13.95,12.50,13.28,13.2750,-0.20,205854,718,247414
02/02/2018,G (Feb 18),13.25,15.85,12.85,15.63,15.6250,2.35,394228,2406,223302
02/05/2018,G (Feb 18),16.15,33.35,15.20,33.20,33.2250,17.60,567407,2700,222804
02/06/2018,G (Feb 18),31.75,33.25,20.00,23.90,23.8750,-9.35,511008,4670,172816
02/07/2018,G (Feb 18),23.90,24.47,19.50,23.45,23.4250,-0.45,214118,3510,126815
02/08/2018,G (Feb 18),23.10,29.90,22.25,28.05,28.1000,4.68,217066,6389,106139
02/09/2018,G (Feb 18),27.95,32.90,26.15,27.15,27.1750,-0.92,187082,13,93755
02/12/2018,G (Feb 18),26.50,28.37,24.75,25.82,25.8250,-1.35,105688,120,77788
02/13/2018,G (Feb 18),25.45,27.60,24.80,25.23,25.2250,-0.60,77113,0,69609
02/14/2018,G (Feb 18),25.25,26.50,23.80,25.35,21.8700,-3.36,6217,0,69651
